نام محصول,لینک محصول,متن کامنت,تعداد لایک,خریدار,تاریخ ثبت,احساس نظر,اطمینان احساس,دسته‌بندی‌ها,دسته اصلی
ژل کرم ضد آفتاب مدل SPF50 Oil Free مناسب پوست چرب,https://www.khanoumi.com/products/syn-skin-syn-shield-oil-free-sun-screen-cream-gel-spf50-28026,از همه نظر عالیه,0,true,2025-03-28T06:55:05.880531+00:00,مثبت,0.79,سایر,سایر
ژل کرم ضد آفتاب مدل SPF50 Oil Free مناسب پوست چرب,https://www.khanoumi.com/products/syn-skin-syn-shield-oil-free-sun-screen-cream-gel-spf50-28026,"تو خریدش شک نکنید
تعریف این ضدآفتاب رو خیلی شنیده بودم.. امروز به دستم رسید و استفاده کردم 
عاااالی بود 
سبک ، زودجذب ، رد سفیدی نمیندازه
فقط باید ببینم ب مرور باعث جوش میشه یا نه ولی با توجه به نظرات بعید می‌دونم
خیلی راضیم",0,true,2025-03-27T15:09:19.7870875+00:00,مثبت,0.79,محصول | تحویل و ارسال,محصول
ژل کرم ضد آفتاب مدل SPF50 Oil Free مناسب پوست چرب,https://www.khanoumi.com/products/syn-skin-syn-shield-oil-free-sun-screen-cream-gel-spf50-28026,"برای دومین بار این ضدآفتاب رو خریداری کردم و عالیه 
خیلی سبک اصلا عرق نمیکنه روی پوست خیلی راحت پخش میشه و برق هم نمیزنه",0,true,2025-03-27T14:29:49.6207593+00:00,مثبت,0.67,محصول | اصل بودن کالا,محصول
ژل کرم ضد آفتاب مدل SPF50 Oil Free مناسب پوست چرب,https://www.khanoumi.com/products/syn-skin-syn-shield-oil-free-sun-screen-cream-gel-spf50-28026,"خیلی سبک و عالیه 
انگار نه انگار چیزی روی پوسته 
برعکس ضدافاتابت ای دیگه که حس سنگینی میده
این خیلی خوبه",0,true,2025-03-27T10:32:56.4271793+00:00,مثبت,0.95,محصول,محصول
ژل کرم ضد آفتاب مدل SPF50 Oil Free مناسب پوست چرب,https://www.khanoumi.com/products/syn-skin-syn-shield-oil-free-sun-screen-cream-gel-spf50-28026,من پوستم چربه ، ولی اصلا باعث احساس چربی نشد خیلی شبکه اولش شاید فکر کنید چون کرمیه جذب نمیشه و سنگینه ولی جذب میشه کامل و سبکه ، رد سفیدی عمرااااا اصلا نداره اگه کسی گفته احتمالا پوستش تمیز نبوده ، حتما باید با شوینده بشورید ، در کل دوسش دارم,0,true,2025-03-25T14:18:34.7815372+00:00,خنثی,0.35,محصول | اصل بودن کالا,محصول
ژل کرم ضد آفتاب مدل SPF50 Oil Free مناسب پوست چرب,https://www.khanoumi.com/products/syn-skin-syn-shield-oil-free-sun-screen-cream-gel-spf50-28026,من دوست دارم ضدآفتابم زود جذب شه و حالت آبرسان داشته باشه و سنگین نباشه. پوستم مختلطه، از اونجایی که اونجوری که میخواستم نبود زیاد ازش استفاده نکردم پس نمیتونم درباره قدرت ضدآفتاب بودنش صحبت کنم,0,true,2025-03-25T12:34:00.5535336+00:00,خنثی,0.35,محصول,محصول
ژل کرم ضد آفتاب مدل SPF50 Oil Free مناسب پوست چرب,https://www.khanoumi.com/products/syn-skin-syn-shield-oil-free-sun-screen-cream-gel-spf50-28026,خیلی کاور خوبی داره یه ضدآفتاب که کار کرم پودر رو هم انجام میده فقط تیره ترین رنگش هم بازم برای پوستهای تیره روشنه,0,false,2025-03-25T06:24:36.2752127+00:00,مثبت,0.67,محصول,محصول
ژل کرم ضد آفتاب مدل SPF50 Oil Free مناسب پوست چرب,https://www.khanoumi.com/products/syn-skin-syn-shield-oil-free-sun-screen-cream-gel-spf50-28026,سبک، زودجذب، بدون اینکه رد سفیدی باقی بگذاره و یا باعث برون‌ریزی بشه.,0,true,2025-03-23T18:42:28.369788+00:00,منفی,0.67,سایر,سایر
ژل کرم ضد آفتاب مدل SPF50 Oil Free مناسب پوست چرب,https://www.khanoumi.com/products/syn-skin-syn-shield-oil-free-sun-screen-cream-gel-spf50-28026,روی پوست برق میندازه و یه حس روغنی یا چربی میده به ادم,0,false,2025-03-23T13:47:41.5525169+00:00,خنثی,0.35,محصول,محصول
ژل کرم ضد آفتاب مدل SPF50 Oil Free مناسب پوست چرب,https://www.khanoumi.com/products/syn-skin-syn-shield-oil-free-sun-screen-cream-gel-spf50-28026,اینقدر سبکهههه که قابل توصیف نیست.,0,true,2025-03-20T22:07:20.6275386+00:00,خنثی,0.35,سایر,سایر
ژل کرم ضد آفتاب مدل SPF50 Oil Free مناسب پوست چرب,https://www.khanoumi.com/products/syn-skin-syn-shield-oil-free-sun-screen-cream-gel-spf50-28026,خیلی ضدآفتاب خوبیه.رد سفیدی نداره.انگار هیچی نزدی به پوستت.محافظت خوبی هم داره.برای من که پوست چرب دارم اصلا باعث جوش هم نشد.,0,true,2025-03-18T13:49:20.6657532+00:00,مثبت,0.91,محصول | اصل بودن کالا,محصول
ژل کرم ضد آفتاب مدل SPF50 Oil Free مناسب پوست چرب,https://www.khanoumi.com/products/syn-skin-syn-shield-oil-free-sun-screen-cream-gel-spf50-28026,ضد آفتابش خیلی خوبههه چندمین باره استفاده میکنم حتما بخرید,0,true,2025-03-15T17:54:17.3397441+00:00,مثبت,0.91,سایر,سایر
ژل کرم ضد آفتاب مدل SPF50 Oil Free مناسب پوست چرب,https://www.khanoumi.com/products/syn-skin-syn-shield-oil-free-sun-screen-cream-gel-spf50-28026,چندساله ک تنها ضدافتابی ک میزنم همینه ن برق میندازه ن رد سفیدی خیلیم سبک زود جذبه باعث جوش هم نمیشه,0,true,2025-03-15T08:01:30.346905+00:00,خنثی,0.35,سایر,سایر
ژل کرم ضد آفتاب مدل SPF50 Oil Free مناسب پوست چرب,https://www.khanoumi.com/products/syn-skin-syn-shield-oil-free-sun-screen-cream-gel-spf50-28026,تو این رنج قیمت بهترین ضد آفتابیه که تاحالا داشتم. من پوستم چرب و مستعد آکنه است ولی برای من اصلا باعث جوش نشدعلاوه بر این  زود جذب میشه و محافظت خوبی هم داره.,0,true,2025-03-11T13:39:29.5087736+00:00,مثبت,0.91,محصول | اصل بودن کالا | قیمت,محصول
ژل کرم ضد آفتاب مدل SPF50 Oil Free مناسب پوست چرب,https://www.khanoumi.com/products/syn-skin-syn-shield-oil-free-sun-screen-cream-gel-spf50-28026,"ضدافتاب خوبی من همین مارک ابرسانشو دارم خوب جذب نمیشه برق میندازه
این ضدافتاب فکر کردم ژل اما کرم بی رنگ یعنی سفید رنگه
من پوست چرب وجوش دار خیلی خوب غلظت بالا وزود جذب با یکمش میشه کل پوست پوشش داد زیاد نزنین
اما حجمش کم کارتون بزرگ اما داخلش ضدافتاب کوچیکتر تعجب نکنید 
ولی مارک خوبی از لحاظ کیفیت وقیمت",0,true,2025-03-09T09:55:38.4599385+00:00,مثبت,0.91,محصول | قیمت,محصول
ژل کرم ضد آفتاب مدل SPF50 Oil Free مناسب پوست چرب,https://www.khanoumi.com/products/syn-skin-syn-shield-oil-free-sun-screen-cream-gel-spf50-28026,من پوستم مختلطه .عالی هس .اصلا چرب نمیکنه .زود جذب میشه .به پوست میشینه و اصلا نمی ماسه .بهترین ضد آفتاب که گرفتم .حتما شارژش میکنم.,0,false,2025-03-09T06:51:20.526914+00:00,منفی,0.79,محصول | اصل بودن کالا,اصل بودن کالا
ژل کرم ضد آفتاب مدل SPF50 Oil Free مناسب پوست چرب,https://www.khanoumi.com/products/syn-skin-syn-shield-oil-free-sun-screen-cream-gel-spf50-28026,سلام بی رنگه,0,false,2025-03-08T12:12:05.2299651+00:00,خنثی,0.35,محصول,محصول
ژل کرم ضد آفتاب مدل SPF50 Oil Free مناسب پوست چرب,https://www.khanoumi.com/products/syn-skin-syn-shield-oil-free-sun-screen-cream-gel-spf50-28026,من سالهاست استفاده می‌کنم به پوست من میفته،نه چرب میشه نه میماسه، نه جوش زدم.خیلی خوب جذب پوستم میشه,0,true,2025-03-07T21:14:28.0140984+00:00,مثبت,0.79,محصول,محصول
ژل کرم ضد آفتاب مدل SPF50 Oil Free مناسب پوست چرب,https://www.khanoumi.com/products/syn-skin-syn-shield-oil-free-sun-screen-cream-gel-spf50-28026,عاااالیه,0,true,2025-03-07T16:56:04.0559889+00:00,خنثی,0.35,سایر,سایر
ژل کرم ضد آفتاب مدل SPF50 Oil Free مناسب پوست چرب,https://www.khanoumi.com/products/syn-skin-syn-shield-oil-free-sun-screen-cream-gel-spf50-28026,یه ضدآفتاب عالی، سبک و اصلا احساس چربی نمیده,0,true,2025-03-03T22:58:40.2439126+00:00,مثبت,0.79,اصل بودن کالا,اصل بودن کالا
ژل کرم ضد آفتاب مدل SPF50 Oil Free مناسب پوست چرب,https://www.khanoumi.com/products/syn-skin-syn-shield-oil-free-sun-screen-cream-gel-spf50-28026,من پوست جوش دار و چربی دارم فینیشش براق بود و انگار پوستم و بدتر چرب میکرد زیاد خوشم نیومد ازش,0,true,2025-03-03T11:22:03.6924032+00:00,منفی,0.67,محصول,محصول
ژل کرم ضد آفتاب مدل SPF50 Oil Free مناسب پوست چرب,https://www.khanoumi.com/products/syn-skin-syn-shield-oil-free-sun-screen-cream-gel-spf50-28026,عالی بود دوستش داشتم,0,true,2025-03-02T11:44:35.104104+00:00,مثبت,0.79,محصول,محصول
ژل کرم ضد آفتاب مدل SPF50 Oil Free مناسب پوست چرب,https://www.khanoumi.com/products/syn-skin-syn-shield-oil-free-sun-screen-cream-gel-spf50-28026,من پوست چرب و حساس جوش داری دارم. این تنها صد افتابیه ک عالیه سبکه احساس سنگینی نمیکنی پوست عرق نمیکنه و زود جذب میشه عالیه,0,false,2025-02-28T22:31:39.2682609+00:00,مثبت,0.95,محصول,محصول
ژل کرم ضد آفتاب مدل SPF50 Oil Free مناسب پوست چرب,https://www.khanoumi.com/products/syn-skin-syn-shield-oil-free-sun-screen-cream-gel-spf50-28026,لطفاً تخفیف60 درصدی بزارید,0,false,2025-02-25T12:49:15.942111+00:00,خنثی,0.35,قیمت,قیمت
ژل کرم ضد آفتاب مدل SPF50 Oil Free مناسب پوست چرب,https://www.khanoumi.com/products/syn-skin-syn-shield-oil-free-sun-screen-cream-gel-spf50-28026,این ضدآفتاب نوع بی رنگش برای من اوکی بود هیچ جوشی نزدم باهاش. ولی یه فینیش براق میده به صورت که خب من اوکی بودم باهاش. هم این ضدآفتاب رو گرفتم و هم فلوئید مای تعریف مای رو که زیاد شنیدم اما جوش زا بودن یا نبودنش رو نمی‌دونم هنوز استفاده نکردم. از نظر ترکیبات واقعا فلوئید مای عالیه.,0,true,2025-02-22T15:37:11.6611116+00:00,مثبت,0.79,محصول,محصول
ژل کرم ضد آفتاب مدل SPF50 Oil Free مناسب پوست چرب,https://www.khanoumi.com/products/syn-skin-syn-shield-oil-free-sun-screen-cream-gel-spf50-28026,مرسی,0,false,2025-02-20T21:07:19.3149519+00:00,مثبت,0.67,سایر,سایر
ژل کرم ضد آفتاب مدل SPF50 Oil Free مناسب پوست چرب,https://www.khanoumi.com/products/syn-skin-syn-shield-oil-free-sun-screen-cream-gel-spf50-28026,من بی رنگ این محصول رو از بیرون گرفتم مواد سرطان زا داره حاوی پارابنه رو صورت هم یک برق میندازه,0,false,2025-02-20T11:56:14.6845661+00:00,خنثی,0.35,محصول,محصول
ژل کرم ضد آفتاب مدل SPF50 Oil Free مناسب پوست چرب,https://www.khanoumi.com/products/syn-skin-syn-shield-oil-free-sun-screen-cream-gel-spf50-28026,سلام لطفاً تخفیف پنجاه درصدی بزارید,0,false,2025-02-19T15:06:04.2273871+00:00,خنثی,0.35,قیمت,قیمت
ژل کرم ضد آفتاب مدل SPF50 Oil Free مناسب پوست چرب,https://www.khanoumi.com/products/syn-skin-syn-shield-oil-free-sun-screen-cream-gel-spf50-28026,خیلی عالیه فوق العاده سبکه و زود جذبه اصلا رد سفیدی نداره بوی بد نداره و حممشم خوبه,0,true,2025-02-19T09:27:20.7874394+00:00,مثبت,0.95,محصول | اصل بودن کالا,محصول
ژل کرم ضد آفتاب مدل SPF50 Oil Free مناسب پوست چرب,https://www.khanoumi.com/products/syn-skin-syn-shield-oil-free-sun-screen-cream-gel-spf50-28026,لطفن تخفیف 50درصدی بذارین,0,true,2025-02-16T11:35:59.412708+00:00,خنثی,0.35,قیمت,قیمت
ژل کرم ضد آفتاب مدل SPF50 Oil Free مناسب پوست چرب,https://www.khanoumi.com/products/syn-skin-syn-shield-oil-free-sun-screen-cream-gel-spf50-28026,با سلام، من بی رنگشو گرفتم به نظر من عالیه چون هم فاقد چربیه هم رد سفیدی نمیزاره هم زود جذب میشه ، من که ازش راضیم ممنون از خانومی,0,true,2025-02-14T11:14:49.5732532+00:00,مثبت,0.95,محصول,محصول
ژل کرم ضد آفتاب مدل SPF50 Oil Free مناسب پوست چرب,https://www.khanoumi.com/products/syn-skin-syn-shield-oil-free-sun-screen-cream-gel-spf50-28026,خیلی خووووبه سریع جذب پوست میشه برای پوست مختلط و چرب عالیه,0,true,2025-02-13T05:44:28.8207243+00:00,مثبت,0.79,محصول,محصول
ژل کرم ضد آفتاب مدل SPF50 Oil Free مناسب پوست چرب,https://www.khanoumi.com/products/syn-skin-syn-shield-oil-free-sun-screen-cream-gel-spf50-28026,خوبه رد سفیدی نمیندازه ، پوست پوست نمیشه ، زود جذب میشه ، بوی ملایم و قشنگی ام داره,0,true,2025-02-12T17:04:36.8417091+00:00,مثبت,0.79,محصول,محصول
ژل کرم ضد آفتاب مدل SPF50 Oil Free مناسب پوست چرب,https://www.khanoumi.com/products/syn-skin-syn-shield-oil-free-sun-screen-cream-gel-spf50-28026,میشه تخفیف بیشتری روی این محصول بذارید لطفااا با سپاس فراوان از تیم خانومی,0,true,2025-02-12T08:40:10.9174098+00:00,مثبت,0.67,محصول | قیمت,محصول
ژل کرم ضد آفتاب مدل SPF50 Oil Free مناسب پوست چرب,https://www.khanoumi.com/products/syn-skin-syn-shield-oil-free-sun-screen-cream-gel-spf50-28026,کاملا جذب میشه..چرب نیست ..رد سفیدی نداره..بافتش ژل کرمیه..راضیم ازش,0,true,2025-02-11T17:12:24.0348993+00:00,مثبت,0.79,محصول,محصول
ژل کرم ضد آفتاب مدل SPF50 Oil Free مناسب پوست چرب,https://www.khanoumi.com/products/syn-skin-syn-shield-oil-free-sun-screen-cream-gel-spf50-28026,پوست چربی دارم و انواع برندای ایرانی و خارجی که گرون تر از اینن امتحان کردم،به جرات میتونم بگم بهترینه،نه پوستو چرب میکنه و نه باعث جوش میشه،قیمتش خوبه اگه هر روز بالانره سفیدک نمیزنه و بافت سبکی داره و زود جذبه،خاصیت ضد افتابی خوبیم داره،بی رنگ .رنگیشو استفاده نکردم و نظری ندارم دربارش,0,true,2025-02-08T15:42:28.9882051+00:00,مثبت,0.95,محصول | قیمت,محصول
ژل کرم ضد آفتاب مدل SPF50 Oil Free مناسب پوست چرب,https://www.khanoumi.com/products/syn-skin-syn-shield-oil-free-sun-screen-cream-gel-spf50-28026,پوست من چربی ضد آفتاب خوبیه اما روی پوست من‌سنگینی میکنه و بعد از زدن‌پوستم براق میشه و دست میزنم حالت چسبناکه بوی خوبی داره ولی جوری نیست که هی بشه تمدید کرد,0,true,2025-02-06T06:48:17.0933031+00:00,مثبت,0.79,محصول,محصول
ژل کرم ضد آفتاب مدل SPF50 Oil Free مناسب پوست چرب,https://www.khanoumi.com/products/syn-skin-syn-shield-oil-free-sun-screen-cream-gel-spf50-28026,"باسلام از این کرم راضی ام.برای من خیلی عالی جواب داد.
به موقع بدستم رسید.مننون از سایت خانمی.
6 ماه دهرم استفاده میکنم وخیلی خوب رو پوستم میشینه",0,false,2025-02-04T05:55:30.3608153+00:00,مثبت,0.95,محصول | تحویل و ارسال,محصول
ژل کرم ضد آفتاب مدل SPF50 Oil Free مناسب پوست چرب,https://www.khanoumi.com/products/syn-skin-syn-shield-oil-free-sun-screen-cream-gel-spf50-28026,خیلی ضدآفتاب خوبیه من بارها شارژش کردم,0,true,2025-02-01T11:56:14.2619368+00:00,مثبت,0.67,سایر,سایر
ژل کرم ضد آفتاب مدل SPF50 Oil Free مناسب پوست چرب,https://www.khanoumi.com/products/syn-skin-syn-shield-oil-free-sun-screen-cream-gel-spf50-28026,اصلا خوب نیست,0,true,2025-01-30T00:25:56.2299906+00:00,منفی,0.79,اصل بودن کالا,اصل بودن کالا
ژل کرم ضد آفتاب مدل SPF50 Oil Free مناسب پوست چرب,https://www.khanoumi.com/products/syn-skin-syn-shield-oil-free-sun-screen-cream-gel-spf50-28026,به توصیه دکترم استفاده کردم عالیه,0,true,2025-01-28T14:57:35.3813921+00:00,مثبت,0.91,سایر,سایر
ژل کرم ضد آفتاب مدل SPF50 Oil Free مناسب پوست چرب,https://www.khanoumi.com/products/syn-skin-syn-shield-oil-free-sun-screen-cream-gel-spf50-28026,رنگ 2 لطفا موجود شه,0,false,2025-01-28T03:15:11.8158895+00:00,خنثی,0.35,محصول,محصول
ژل کرم ضد آفتاب مدل SPF50 Oil Free مناسب پوست چرب,https://www.khanoumi.com/products/syn-skin-syn-shield-oil-free-sun-screen-cream-gel-spf50-28026,خیلی خوبه جذب عالی داره,0,true,2025-01-27T20:53:08.8927286+00:00,مثبت,0.95,سایر,سایر
ژل کرم ضد آفتاب مدل SPF50 Oil Free مناسب پوست چرب,https://www.khanoumi.com/products/syn-skin-syn-shield-oil-free-sun-screen-cream-gel-spf50-28026,"خیلییییییی خوبه و اصلا و ابدا چربی نداره
من بی رنگ رو استفاده میکنم و از توصیه دکتر پوست شروعش کردم ولی الان شیشمین باره که تمدیدش میکنم",0,true,2025-01-27T17:07:23.1035415+00:00,مثبت,0.95,محصول | اصل بودن کالا,محصول
ژل کرم ضد آفتاب مدل SPF50 Oil Free مناسب پوست چرب,https://www.khanoumi.com/products/syn-skin-syn-shield-oil-free-sun-screen-cream-gel-spf50-28026,برای پوست چرب زیاد جالب نیس خیلی برق میندازه چربم هست ولی حجم خوبی داره و میشه خیلی ازش استفاده کرد,0,true,2025-01-27T08:57:37.3154611+00:00,مثبت,0.67,محصول,محصول
ژل کرم ضد آفتاب مدل SPF50 Oil Free مناسب پوست چرب,https://www.khanoumi.com/products/syn-skin-syn-shield-oil-free-sun-screen-cream-gel-spf50-28026,من چندین بار خریدم ،پوست من مختلط دهیدراته اس ،این ضد افتاب عالیه..رد سفیدی نمیندازه،چرب نیست ونمی ماسه، پیل نمیشه و خیلی سبک و عالیه,0,true,2025-01-26T21:45:31.2560566+00:00,مثبت,0.95,محصول,محصول
ژل کرم ضد آفتاب مدل SPF50 Oil Free مناسب پوست چرب,https://www.khanoumi.com/products/syn-skin-syn-shield-oil-free-sun-screen-cream-gel-spf50-28026,این ضد افتاب فاقد چربی هست و برای اشخاصی که پوست چرب دارن یا منافذشون بازه عالیه,0,true,2025-01-24T22:53:44.4117944+00:00,مثبت,0.79,محصول,محصول
ژل کرم ضد آفتاب مدل SPF50 Oil Free مناسب پوست چرب,https://www.khanoumi.com/products/syn-skin-syn-shield-oil-free-sun-screen-cream-gel-spf50-28026,رنگی‌موجود کنین سبد خریدم مونده,0,false,2025-01-24T12:02:26.6783798+00:00,منفی,0.67,محصول,محصول
ژل کرم ضد آفتاب مدل SPF50 Oil Free مناسب پوست چرب,https://www.khanoumi.com/products/syn-skin-syn-shield-oil-free-sun-screen-cream-gel-spf50-28026,بوی عالی داره و جوش نمیزنه,0,true,2025-01-22T19:53:35.0364394+00:00,مثبت,0.67,محصول,محصول
ژل کرم ضد آفتاب مدل SPF50 Oil Free مناسب پوست چرب,https://www.khanoumi.com/products/syn-skin-syn-shield-oil-free-sun-screen-cream-gel-spf50-28026,والا مسخره کردین هیچ وقت رنگ ضد آفتابی رو که میخوام موجود نیست,0,false,2025-01-22T16:05:32.9877282+00:00,خنثی,0.35,محصول,محصول
ژل کرم ضد آفتاب مدل SPF50 Oil Free مناسب پوست چرب,https://www.khanoumi.com/products/syn-skin-syn-shield-oil-free-sun-screen-cream-gel-spf50-28026,"به شخص خودم واقعا راضیم ازش 
تا به الان از هر ضد افتابی استفاده کردم باعث جوش زدن پوستم میشد ولی این عالیه",0,true,2025-01-21T08:30:44.7687615+00:00,مثبت,0.95,محصول,محصول
ژل کرم ضد آفتاب مدل SPF50 Oil Free مناسب پوست چرب,https://www.khanoumi.com/products/syn-skin-syn-shield-oil-free-sun-screen-cream-gel-spf50-28026,واقعا اولین ضد آفتابه که ازض راضیم رد سفیدی اصلا نمیندازه خیلی سبکه به ثانیه نمیکشه آب میشه جذب پوست میشه,0,true,2025-01-15T23:16:57.9234384+00:00,مثبت,0.67,محصول | اصل بودن کالا,محصول
ژل کرم ضد آفتاب مدل SPF50 Oil Free مناسب پوست چرب,https://www.khanoumi.com/products/syn-skin-syn-shield-oil-free-sun-screen-cream-gel-spf50-28026,واقعا جنسش عالیه هم پوستو سفید شفاف میکنه و اصلا رد سفیدی نمیزاره من پوستم به شدت چربه ولی کامل چربی پوستمو میگیره وجوش نمیزنه باهاش,0,true,2025-01-13T09:11:43.400275+00:00,مثبت,0.91,محصول | اصل بودن کالا,محصول
ژل کرم ضد آفتاب مدل SPF50 Oil Free مناسب پوست چرب,https://www.khanoumi.com/products/syn-skin-syn-shield-oil-free-sun-screen-cream-gel-spf50-28026,من ازش راضی بودم واقعا پوستمم چربه و مشکلی باهاش نداشتم,0,true,2025-01-12T20:47:06.1638684+00:00,مثبت,0.67,محصول,محصول
ژل کرم ضد آفتاب مدل SPF50 Oil Free مناسب پوست چرب,https://www.khanoumi.com/products/syn-skin-syn-shield-oil-free-sun-screen-cream-gel-spf50-28026,"اصلا مناسب پوست چرب نیست 
خیلی خیلیییییی چربه و برق میندازه و اصلا جذب نمیشه 
دیگه نمیخرم",0,false,2025-01-10T16:30:57.2625665+00:00,خنثی,0.35,اصل بودن کالا | محصول,اصل بودن کالا
ژل کرم ضد آفتاب مدل SPF50 Oil Free مناسب پوست چرب,https://www.khanoumi.com/products/syn-skin-syn-shield-oil-free-sun-screen-cream-gel-spf50-28026,واقعا عالیه نه الکی چربه نه رد سفیدی داره,0,true,2025-01-10T10:45:04.096666+00:00,مثبت,0.79,سایر,سایر
ژل کرم ضد آفتاب مدل SPF50 Oil Free مناسب پوست چرب,https://www.khanoumi.com/products/syn-skin-syn-shield-oil-free-sun-screen-cream-gel-spf50-28026,"ببخشید ی سوال من تا حالا نخریدم این ضد افتاب رو میخوام بدونم بی رنگش سفید نمیشه روی پوست؟ کامل بی رنگه؟
چون من قبلا یک برند دیگه خریدم بهم گفتن بی رنگه  ولی روی پوست که زدم کامل سفیدیش میمونه
ممنون میشم کسی راهنمایی کنه",0,false,2025-01-08T10:51:24.5561303+00:00,ترکیبی,0.71,محصول,محصول
ژل کرم ضد آفتاب مدل SPF50 Oil Free مناسب پوست چرب,https://www.khanoumi.com/products/syn-skin-syn-shield-oil-free-sun-screen-cream-gel-spf50-28026,خیلی خوب بود زود جذب شد و بوی خوبی داشت,0,true,2025-01-07T08:50:17.7685632+00:00,مثبت,0.95,محصول,محصول
ژل کرم ضد آفتاب مدل SPF50 Oil Free مناسب پوست چرب,https://www.khanoumi.com/products/syn-skin-syn-shield-oil-free-sun-screen-cream-gel-spf50-28026,لطفا دوباره تخفیف 50 درصد بزارین,0,false,2025-01-07T07:36:47.5148676+00:00,خنثی,0.35,قیمت,قیمت
ژل کرم ضد آفتاب مدل SPF50 Oil Free مناسب پوست چرب,https://www.khanoumi.com/products/syn-skin-syn-shield-oil-free-sun-screen-cream-gel-spf50-28026,پس کی رنگیش رو شارژ میکنید شارژ کنید لطفا,0,false,2025-01-05T16:24:58.4882527+00:00,خنثی,0.35,محصول,محصول
ژل کرم ضد آفتاب مدل SPF50 Oil Free مناسب پوست چرب,https://www.khanoumi.com/products/syn-skin-syn-shield-oil-free-sun-screen-cream-gel-spf50-28026,"چند ساله که تنها ضد افتاب بیرنگی ک استفاده میکنم همینه  رد سفیدی نمیندازه  برق نمیفته 
خیلی زود جذبه خیلی سبکه بهترینه پوستمم چربه",0,true,2025-01-05T07:26:37.7774886+00:00,مثبت,0.67,محصول,محصول
ژل کرم ضد آفتاب مدل SPF50 Oil Free مناسب پوست چرب,https://www.khanoumi.com/products/syn-skin-syn-shield-oil-free-sun-screen-cream-gel-spf50-28026,لطفاً مجدداً تخفیف 50درصد بزارین سبد خریدم ناقص موند.,0,false,2025-01-04T08:53:56.1456538+00:00,منفی,0.67,محصول | قیمت,محصول
ژل کرم ضد آفتاب مدل SPF50 Oil Free مناسب پوست چرب,https://www.khanoumi.com/products/syn-skin-syn-shield-oil-free-sun-screen-cream-gel-spf50-28026,در یک کلمه میتونم بگم افتضاح صورتم شد پر از جوش های زیر پوستی,0,true,2025-01-04T05:57:35.3808675+00:00,منفی,0.67,محصول,محصول
ژل کرم ضد آفتاب مدل SPF50 Oil Free مناسب پوست چرب,https://www.khanoumi.com/products/syn-skin-syn-shield-oil-free-sun-screen-cream-gel-spf50-28026,مدل بی رنگش رو سالهاست که میزنم و بسیار بسیار ازش راضیم. واسه من بهترین ضد آفتاب بوده. بافتش ژلیه و سبکه و زودجذبه و اصلا رد نمیندازه. بعد از استفاده یکم مات میکنه پوست رو که من دوست دارم.,0,false,2025-01-03T19:43:37.3702027+00:00,مثبت,0.79,محصول | اصل بودن کالا,محصول
ژل کرم ضد آفتاب مدل SPF50 Oil Free مناسب پوست چرب,https://www.khanoumi.com/products/syn-skin-syn-shield-oil-free-sun-screen-cream-gel-spf50-28026,چراانقدر زود تخفیف 50٪ برداشتین؟؟!!! سبدخریدم ناقص موند!,0,false,2025-01-01T17:35:53.9374028+00:00,منفی,0.67,محصول | قیمت,محصول
ژل کرم ضد آفتاب مدل SPF50 Oil Free مناسب پوست چرب,https://www.khanoumi.com/products/syn-skin-syn-shield-oil-free-sun-screen-cream-gel-spf50-28026,"من بی رنگ رو چند ساله استفاده میکنم و محشره 
خیلی سبک و عالیه",0,true,2025-01-01T11:16:03.5653045+00:00,مثبت,0.79,محصول,محصول
ژل کرم ضد آفتاب مدل SPF50 Oil Free مناسب پوست چرب,https://www.khanoumi.com/products/syn-skin-syn-shield-oil-free-sun-screen-cream-gel-spf50-28026,سلام لطفا تخفیفش بیشتر کنید فقط بی رنگش موجود خرید بزنم,0,false,2025-01-01T11:13:37.5833706+00:00,خنثی,0.35,محصول | قیمت,محصول
ماسک مو سیلکراتین صاف کننده 500 میل,https://www.khanoumi.com/products/energy-cosmetics-silkeratine-smoothing-hair-mask-500ml-28237,باورم نمیشه موهای سالم منو پر از موخوره کرد...,3,true,2020-08-20T15:38:21+00:00,خنثی,0.35,محصول,محصول
سرم مو کلاژن 100 میل,https://www.khanoumi.com/products/energy-cosmetics-restructuring-serum-with-collagen-100ml-28239,خیلی از این سرم موراضی بودم,5,false,2020-06-06T17:51:57+00:00,مثبت,0.67,محصول,محصول
کرم حالت دهنده مو آلوئه ورا 300 میل,https://www.khanoumi.com/products/energy-cosmetics-aloe-vera-leave-in-conditioner-300ml-28241,من موهام فره. ازین کرم مو بعد از حمام روی موهای نم دارم استفاده میکنم.خیلی خوب فرشو نگه میداره و کار کرم های گرون قیمتو انجام میده دقیقا..فقط امیدوارم ک آبرسانیشم به خوبی حالت دهندگیش باشه  ,0,true,2023-10-03T20:19:11+00:00,مثبت,0.91,محصول | قیمت,محصول
کرم حالت دهنده مو آلوئه ورا 300 میل,https://www.khanoumi.com/products/energy-cosmetics-aloe-vera-leave-in-conditioner-300ml-28241,این کرم مو من تازگی خریدم و مدت کوتاهیه که استفاده میکنم. من بعد از حمام روی موهای نمدار میزنم و بعد موهامو شونه میکنم. گره موهام راحت باز میشه و خیلی موهامو نرم و لطیف میکنه. قبل از براشینگ هم خیلی خوبه و مو راحت حالت میگیره. وز و خشکی موهارو کم میکنه و میشه به فرم دلخواه دراورد. قیمت مناسبی ام داره و به نظر من ارزش خرید داره. ,3,false,2022-09-26T11:10:45+00:00,مثبت,0.95,محصول | قیمت,محصول
کرم حالت دهنده مو آلوئه ورا 300 میل,https://www.khanoumi.com/products/energy-cosmetics-aloe-vera-leave-in-conditioner-300ml-28241,خیلی خوب بود من موهام فره و کاملا ازش راضیم حالت موهامو خیلی خوب نگه میداره,25,true,2020-06-27T10:58:05+00:00,مثبت,0.95,محصول,محصول
نرم کننده و حالت دهنده مو کالرسیو 300 میل,https://www.khanoumi.com/products/energy-cosmetics-color-save-leave-in-conditioner-300ml-28242,موهام رنگ داره و خشک و وز شده ، ازین کرم مو استفاده کردم ، خیلیی نوهارو درخشان میکنه و وز مور خیلی خوب از بین میبره ، فکر نمیکردم اینقدر خوب باشخ، حجمش هم خیلی زیاده,1,true,2020-11-18T10:07:20+00:00,مثبت,0.91,محصول,محصول
نرم کننده و حالت دهنده مو کالرسیو 300 میل,https://www.khanoumi.com/products/energy-cosmetics-color-save-leave-in-conditioner-300ml-28242,من از این محصول با روغن ارگان مخلوط کردم برای موهام بعد حمام استفاده کردم و عالی بود,5,false,2020-04-28T15:58:38+00:00,مثبت,0.79,محصول,محصول
کرم حالت دهنده مو کراتین 300 میل,https://www.khanoumi.com/products/energy-cosmetics-keratin-leave-in-conditioner-300ml-28243,خیلی خوبه موهارو صاف میکنه,0,true,2024-09-20T11:21:45+00:00,مثبت,0.91,محصول,محصول
کرم حالت دهنده مو کراتین 300 میل,https://www.khanoumi.com/products/energy-cosmetics-keratin-leave-in-conditioner-300ml-28243,بوی خوبی نداره ولی حالت دهندگی و ابرسانیش خوبه,0,true,2024-09-04T22:21:37+00:00,مثبت,0.67,محصول,محصول
کرم حالت دهنده مو کراتین 300 میل,https://www.khanoumi.com/products/energy-cosmetics-keratin-leave-in-conditioner-300ml-28243,من سالهاست که از این ماسک مو استفاده میکنم و به جرات میتونم بگم بینظیره و برای موهای اسیب دیده و خشک من که عالی بوده و باعث حالت دهی و ابرسانی هم میشه ,0,false,2024-06-11T07:22:46+00:00,مثبت,0.79,محصول,محصول
کرم حالت دهنده مو کراتین 300 میل,https://www.khanoumi.com/products/energy-cosmetics-keratin-leave-in-conditioner-300ml-28243,موهای من خیلی خشکه و حالت دادن بهشون سخت و اذیت کننده است. کرم حالت دهنده مو کراتین انرژی کازمتیکس رو از پیشنهادهای ویژه فروشگاه اینترنتی خانومی سفارش دادم. حدود دو ماهه ازش استفاده میکنم و از عملکردش راضیم. کرم مو انرژی کازمتیکس رو بعد از شستن موهام مصرف میکنم، به حفظ رطوبت مو کمک میکنه و باعث افزایش نرمی و لطافتش میشه. این محصول حالت پذیری موهام رو بهتر کرده و من از خریدش راضیم.,1,false,2022-08-30T18:27:13+00:00,مثبت,0.95,محصول,محصول
کرم حالت دهنده مو کراتین 300 میل,https://www.khanoumi.com/products/energy-cosmetics-keratin-leave-in-conditioner-300ml-28243,خیلی خوبه من راضیم. موهارو چرب نمیکنه. من موهام لخته,0,true,2021-07-12T15:48:59+00:00,مثبت,0.95,محصول,محصول
کرم حالت دهنده مو کراتین 300 میل,https://www.khanoumi.com/products/energy-cosmetics-keratin-leave-in-conditioner-300ml-28243,کاملا بدون بو هستش و تاثیرچندانی هم نداره,1,true,2020-07-01T14:02:11+00:00,منفی,0.67,محصول,محصول
کرم حالت دهنده مو کراتین 300 میل,https://www.khanoumi.com/products/energy-cosmetics-keratin-leave-in-conditioner-300ml-28243,خیلی عالی هست,8,true,2020-06-15T00:21:30+00:00,مثبت,0.67,سایر,سایر
ژل کرم ضد آفتاب مدل SPF50 Oil Free مناسب پوست چرب,https://www.khanoumi.com/products/syn-skin-syn-shield-oil-free-sun-screen-cream-gel-spf50-28026,خیلی سبکه و موندگاریش هم خیلی خوبه,0,true,2025-01-01T10:24:07.598356+00:00,مثبت,0.91,محصول,محصول
ژل کرم ضد آفتاب مدل SPF50 Oil Free مناسب پوست چرب,https://www.khanoumi.com/products/syn-skin-syn-shield-oil-free-sun-screen-cream-gel-spf50-28026,سلام لطفاً رنگ روشن ام شارژ کنید خیلی وقته منتظرم,0,false,2024-12-25T21:45:35.2910186+00:00,خنثی,0.35,محصول,محصول
ژل کرم ضد آفتاب مدل SPF50 Oil Free مناسب پوست چرب,https://www.khanoumi.com/products/syn-skin-syn-shield-oil-free-sun-screen-cream-gel-spf50-28026,من چند ماه منتظرم پس چرا اون یکی رنگ ملایم موجود نمی‌کنید,0,false,2024-12-25T09:11:32.4785607+00:00,خنثی,0.35,محصول,محصول
ژل کرم ضد آفتاب مدل SPF50 Oil Free مناسب پوست چرب,https://www.khanoumi.com/products/syn-skin-syn-shield-oil-free-sun-screen-cream-gel-spf50-28026,پوست رو خیلی چرب میکنه ویه حالت براقی میده به پوست که اصلا خوب نیست,0,true,2024-12-25T09:01:18.5672393+00:00,منفی,0.79,محصول | اصل بودن کالا,اصل بودن کالا
ژل کرم ضد آفتاب مدل SPF50 Oil Free مناسب پوست چرب,https://www.khanoumi.com/products/syn-skin-syn-shield-oil-free-sun-screen-cream-gel-spf50-28026,من پوستم سبزس رنگی بهش میاد؟,0,true,2024-12-23T07:45:24.4375026+00:00,خنثی,0.35,محصول,محصول
ژل کرم ضد آفتاب مدل SPF50 Oil Free مناسب پوست چرب,https://www.khanoumi.com/products/syn-skin-syn-shield-oil-free-sun-screen-cream-gel-spf50-28026,خیلی خوبه لطفا رنگیش رو هم موجود کنید,0,true,2024-12-22T17:01:24.0528609+00:00,مثبت,0.91,محصول,محصول
ژل کرم ضد آفتاب مدل SPF50 Oil Free مناسب پوست چرب,https://www.khanoumi.com/products/syn-skin-syn-shield-oil-free-sun-screen-cream-gel-spf50-28026,حجمش دقیقا برابر با ضد آفتاب سینره هست. خیلیا میگفتن بوی بدی میده واسه همون تردید داشتم در خریدش اما کمی بوی بد میده نه زیاد اونم به خاطر حالت کرم ژلی که داره این بو رو داره. برای پوست من که چرب هست مناسب بود خیلی بافت سبکی هم داره,0,true,2024-12-21T12:58:01.313772+00:00,منفی,0.79,محصول,محصول
ژل کرم ضد آفتاب مدل SPF50 Oil Free مناسب پوست چرب,https://www.khanoumi.com/products/syn-skin-syn-shield-oil-free-sun-screen-cream-gel-spf50-28026,ضد آفتاب خیلی خوبی,0,true,2024-12-21T06:31:12.8973905+00:00,مثبت,0.79,سایر,سایر
ژل کرم ضد آفتاب مدل SPF50 Oil Free مناسب پوست چرب,https://www.khanoumi.com/products/syn-skin-syn-shield-oil-free-sun-screen-cream-gel-spf50-28026,"بهترین ضدآفتابی ک تاحالا استفاده کردم عالیه بافتش 
لا اینکه پوسته مرطوب نگه میداره اصلا اصلا چرب نیس",0,false,2024-12-20T10:17:28.9297207+00:00,مثبت,0.95,محصول | اصل بودن کالا,محصول
ژل کرم ضد آفتاب مدل SPF50 Oil Free مناسب پوست چرب,https://www.khanoumi.com/products/syn-skin-syn-shield-oil-free-sun-screen-cream-gel-spf50-28026,خیلی عطری بود هنور جرئت نکردم که بزنم,0,true,2024-12-19T07:46:49.71364+00:00,خنثی,0.35,محصول,محصول
ژل کرم ضد آفتاب مدل SPF50 Oil Free مناسب پوست چرب,https://www.khanoumi.com/products/syn-skin-syn-shield-oil-free-sun-screen-cream-gel-spf50-28026,برای من که پوستم چرب خیلی مناسب بود وجذب کامل پوستم میشه بدون تعریق وبراق شدن وپوست ونرم میکن وبافتش سبک ومقرون به صرفه ممنون ازخانمی,0,true,2024-12-15T19:34:19.3419631+00:00,منفی,0.79,محصول,محصول
ژل کرم ضد آفتاب مدل SPF50 Oil Free مناسب پوست چرب,https://www.khanoumi.com/products/syn-skin-syn-shield-oil-free-sun-screen-cream-gel-spf50-28026,عالیییییی عاااالییییی,0,true,2024-12-15T18:35:53.1481273+00:00,مثبت,0.67,سایر,سایر
ژل کرم ضد آفتاب مدل SPF50 Oil Free مناسب پوست چرب,https://www.khanoumi.com/products/syn-skin-syn-shield-oil-free-sun-screen-cream-gel-spf50-28026,"من بی رنگشو دارم 
خیلی خیلی خوبه پوستمم معمولی رو به چربه 
خیلی سبکه بافت خوبی داره جوشزا نیس 
محافظتشم عالیه حجمو قیمتشم مناسبه 
چن دوره اس تمدیدش میکنم 
سیسپرسا و ماای خریدم افتضاح بودن",0,true,2024-12-13T18:51:10.1629716+00:00,ترکیبی,0.92,محصول | قیمت,محصول
ژل کرم ضد آفتاب مدل SPF50 Oil Free مناسب پوست چرب,https://www.khanoumi.com/products/syn-skin-syn-shield-oil-free-sun-screen-cream-gel-spf50-28026,بی شک عالی ترین ضدآفتابی هست که استفاده کردم انقدر سبک و زود جذب هست که اصلا احساس سنگینی نمیکنید روی پوست،اصلا باعث جوش نمیشه,0,true,2024-12-12T16:04:36.1001601+00:00,مثبت,0.91,اصل بودن کالا | محصول,اصل بودن کالا
ژل کرم ضد آفتاب مدل SPF50 Oil Free مناسب پوست چرب,https://www.khanoumi.com/products/syn-skin-syn-shield-oil-free-sun-screen-cream-gel-spf50-28026,بسیار عالی، پیشنهاد می‌کنم اگر پوست چربی دارید، خریداری کنید.,0,true,2024-12-08T11:21:12.4565611+00:00,مثبت,0.91,محصول,محصول
ژل کرم ضد آفتاب مدل SPF50 Oil Free مناسب پوست چرب,https://www.khanoumi.com/products/syn-skin-syn-shield-oil-free-sun-screen-cream-gel-spf50-28026,ضدافتاب خوبیه  باعث جوش نمیشه و من خیلی راضیم.قرار بود بعدازظهر بیارن صبح آوردن و بابام کلی دعوام کرد باز,0,true,2024-12-07T07:26:30.5565965+00:00,مثبت,0.91,محصول,محصول
ژل کرم ضد آفتاب مدل SPF50 Oil Free مناسب پوست چرب,https://www.khanoumi.com/products/syn-skin-syn-shield-oil-free-sun-screen-cream-gel-spf50-28026,اولش که میزنید خیلی چربه ولی بعد چند دقیقه بهتر میشه ولی هنوز هم چربه اگر چربی روی صورت تون دوس ندارید برید سراغ یه محصول دیگه,0,true,2024-12-06T22:50:20.5741288+00:00,خنثی,0.35,محصول,محصول
ژل کرم ضد آفتاب مدل SPF50 Oil Free مناسب پوست چرب,https://www.khanoumi.com/products/syn-skin-syn-shield-oil-free-sun-screen-cream-gel-spf50-28026,خیلی خوب بود اصن رد نمینداره روی پوست,0,true,2024-12-06T20:11:50.7240597+00:00,مثبت,0.67,محصول,محصول
ژل کرم ضد آفتاب مدل SPF50 Oil Free مناسب پوست چرب,https://www.khanoumi.com/products/syn-skin-syn-shield-oil-free-sun-screen-cream-gel-spf50-28026,میشه لطفا رنگیش رو مخصوصا لایتش رو موجود کنید,0,false,2024-12-05T14:38:31.0055336+00:00,خنثی,0.35,محصول,محصول
ژل کرم ضد آفتاب مدل SPF50 Oil Free مناسب پوست چرب,https://www.khanoumi.com/products/syn-skin-syn-shield-oil-free-sun-screen-cream-gel-spf50-28026,ضد افتاب خوبی برای پوست های چربه باعث جوش نمیشه اما به شدت چشم و میسوزونه,0,false,2024-12-05T10:35:58.3824063+00:00,مثبت,0.67,محصول,محصول
ژل کرم ضد آفتاب مدل SPF50 Oil Free مناسب پوست چرب,https://www.khanoumi.com/products/syn-skin-syn-shield-oil-free-sun-screen-cream-gel-spf50-28026,رنگیشو موجود کنید,0,true,2024-12-04T12:52:26.8974797+00:00,خنثی,0.35,محصول,محصول
ژل کرم ضد آفتاب مدل SPF50 Oil Free مناسب پوست چرب,https://www.khanoumi.com/products/syn-skin-syn-shield-oil-free-sun-screen-cream-gel-spf50-28026,ضد آفتاب خیلی خوبیه ،خیلی استفاده کردم ازش فقط بدیش اینه که دهن تلخ میشه و بعد از چند ساعت چشم و میسوزونه,0,false,2024-12-04T10:08:06.8858489+00:00,ترکیبی,0.74,سایر,سایر
ژل کرم ضد آفتاب مدل SPF50 Oil Free مناسب پوست چرب,https://www.khanoumi.com/products/syn-skin-syn-shield-oil-free-sun-screen-cream-gel-spf50-28026,"عالیه من به توصیه پزشک خریدم 
فقط بازم موجودیش کنید و مدام تو تخفیف باشه لطفاااااا",0,false,2024-12-04T09:56:01.1561976+00:00,مثبت,0.91,محصول | قیمت,محصول
ژل کرم ضد آفتاب مدل SPF50 Oil Free مناسب پوست چرب,https://www.khanoumi.com/products/syn-skin-syn-shield-oil-free-sun-screen-cream-gel-spf50-28026,برا پوست چرب،خوبو سبکه من که راضی بودم یکی دیگه هم سفارش دادم،,0,true,2024-12-04T08:19:46.4804388+00:00,مثبت,0.79,محصول,محصول
ژل کرم ضد آفتاب مدل SPF50 Oil Free مناسب پوست چرب,https://www.khanoumi.com/products/syn-skin-syn-shield-oil-free-sun-screen-cream-gel-spf50-28026,برای من باعث جوش شد و خیلی چربه جذب پوستم نمیشد,0,false,2024-12-01T08:41:57.9241295+00:00,خنثی,0.35,محصول,محصول
ژل کرم ضد آفتاب مدل SPF50 Oil Free مناسب پوست چرب,https://www.khanoumi.com/products/syn-skin-syn-shield-oil-free-sun-screen-cream-gel-spf50-28026,"همیشه تو سبد خریدمه حتی اگه چندتا داشته باشم بازم سفارش میدم احتکار کنم من پوستم خشکه ولی از نوع پوست چربش که حالت کرم ژل هست استفاده میکنم چون نوع پوست خشکش برام سنگین و چربه یکم چشمو میسوزونه ولی تو ایرانیا بنظرم بهترین ضدافتابه از لافارر هم بهتره
ولی تو ایرانیا بهترین ضدافتابه از لافارر هم بهتره",0,true,2024-11-29T20:10:46.8570333+00:00,ترکیبی,0.79,محصول,محصول
ژل کرم ضد آفتاب مدل SPF50 Oil Free مناسب پوست چرب,https://www.khanoumi.com/products/syn-skin-syn-shield-oil-free-sun-screen-cream-gel-spf50-28026,"واقعا ضد افتاب خوبیه همیشه تو سبد خریدم هست 
خیلی سبکه و کمتر از ی دقیقه جذب پوست میشه حس سنگینی به پوست نمیده و رد سفیدی نمیندازه من پوستم چربه و جوش نزدم اصلا دور چشمم نمیسوزونه",0,true,2024-11-29T07:11:38.7704094+00:00,ترکیبی,0.74,محصول | اصل بودن کالا,محصول
ژل کرم ضد آفتاب مدل SPF50 Oil Free مناسب پوست چرب,https://www.khanoumi.com/products/syn-skin-syn-shield-oil-free-sun-screen-cream-gel-spf50-28026,رنگیش رو هم موجود کنید لطفااااااااا,0,false,2024-11-27T10:39:29.9853677+00:00,خنثی,0.35,محصول,محصول
ژل کرم ضد آفتاب مدل SPF50 Oil Free مناسب پوست چرب,https://www.khanoumi.com/products/syn-skin-syn-shield-oil-free-sun-screen-cream-gel-spf50-28026,من واقعا ازش راضیم و از وقتی باهاش آشنا شدم همش دادم همینو میخرم. و واقعا سبکه وچرب نیست.من بی رنگش رو استفاده میکنم.,0,true,2024-11-26T08:18:58.6233895+00:00,مثبت,0.79,محصول,محصول
ژل کرم ضد آفتاب مدل SPF50 Oil Free مناسب پوست چرب,https://www.khanoumi.com/products/syn-skin-syn-shield-oil-free-sun-screen-cream-gel-spf50-28026,هر بار این ضدآفتاب رو تمدید میکنم خیلی سبک و عالیه و اصلا پوستم جوش نمیزنه,0,true,2024-11-25T21:11:58.9994974+00:00,مثبت,0.91,محصول | اصل بودن کالا,محصول
ژل کرم ضد آفتاب مدل SPF50 Oil Free مناسب پوست چرب,https://www.khanoumi.com/products/syn-skin-syn-shield-oil-free-sun-screen-cream-gel-spf50-28026,بهترین ضد آفتابی بود ک تا حالا داشتم . هم ردیف ام کیو . عالی برای من ک پوستم چربه سبک و زود جذب و پر قدرت بود. فقط کمی بوی خوبی نداره ک اصلا زیاد بخاطر کیفیتش مهم نبود,0,false,2024-11-25T19:09:22.3183907+00:00,خنثی,0.35,محصول | اصل بودن کالا,محصول
ژل کرم ضد آفتاب مدل SPF50 Oil Free مناسب پوست چرب,https://www.khanoumi.com/products/syn-skin-syn-shield-oil-free-sun-screen-cream-gel-spf50-28026,من پوستم‌چرب دهیتراتس پوستم  رو‌ چرب و‌چسبناک میکنه خوشم نیومد,0,true,2024-11-25T10:07:34.4876412+00:00,خنثی,0.35,محصول,محصول
ژل کرم ضد آفتاب مدل SPF50 Oil Free مناسب پوست چرب,https://www.khanoumi.com/products/syn-skin-syn-shield-oil-free-sun-screen-cream-gel-spf50-28026,اصلا خوب نیست٫چربه چرب٫نمیدونم چه جوری نوشته مناسب پوست چربه در حالی که انقد چربه که نمیشه تحملش کرد٫,0,true,2024-11-24T18:37:41.4309269+00:00,منفی,0.79,محصول | اصل بودن کالا,اصل بودن کالا
ژل کرم ضد آفتاب مدل SPF50 Oil Free مناسب پوست چرب,https://www.khanoumi.com/products/syn-skin-syn-shield-oil-free-sun-screen-cream-gel-spf50-28026,تا الان تنها ضدافتابی بوده که به پوست من خورده.قطعا دوباره شارژش میکنم,0,true,2024-11-22T12:50:50.6554811+00:00,خنثی,0.35,محصول,محصول
ژل کرم ضد آفتاب مدل SPF50 Oil Free مناسب پوست چرب,https://www.khanoumi.com/products/syn-skin-syn-shield-oil-free-sun-screen-cream-gel-spf50-28026,خیلی خوب بود . اصلا روی پوست سنگین نیست و زود جذب میشه ! بهترین ضد افتاب ایرانیه برای پوست چرب و کسایی که زود جوش میزنن !,0,true,2024-11-22T12:25:54.4590282+00:00,مثبت,0.95,محصول | اصل بودن کالا,محصول
ژل کرم ضد آفتاب مدل SPF50 Oil Free مناسب پوست چرب,https://www.khanoumi.com/products/syn-skin-syn-shield-oil-free-sun-screen-cream-gel-spf50-28026,راضی نبودم به شدت سنگین و چربه چشم را میسوزونه و بوش بیش از اندازه هست برای محصولاتی مثل ضدآفتاب زیاد بوش خوب نیست,0,true,2024-11-21T11:20:37.6364279+00:00,منفی,0.79,محصول,محصول
ژل کرم ضد آفتاب مدل SPF50 Oil Free مناسب پوست چرب,https://www.khanoumi.com/products/syn-skin-syn-shield-oil-free-sun-screen-cream-gel-spf50-28026,لطفا موجود کنید,0,false,2024-11-18T20:13:05.6538944+00:00,خنثی,0.35,محصول,محصول
ژل کرم ضد آفتاب مدل SPF50 Oil Free مناسب پوست چرب,https://www.khanoumi.com/products/syn-skin-syn-shield-oil-free-sun-screen-cream-gel-spf50-28026,ضدآفتاب جالبی نیست چشمارو به شدت میسوزونه,0,false,2024-11-17T09:29:20.9510523+00:00,خنثی,0.35,سایر,سایر
ژل کرم ضد آفتاب مدل SPF50 Oil Free مناسب پوست چرب,https://www.khanoumi.com/products/syn-skin-syn-shield-oil-free-sun-screen-cream-gel-spf50-28026,منی که هیییچ ضد آفتابی بهم پوستم نمیساخت و جوش میزدم و فراری بودم از ضد آفتاب ، الان 8 ماهه مداوم و روزانه دارم همین ضد آفتابه بی نظیر رو میزنم ، موردی که خیلی منو راضی کرد جذب سریع ، سبک و سازگار با پوست آکنه دار,0,true,2024-11-14T12:07:45.7166277+00:00,مثبت,0.67,محصول,محصول
ژل کرم ضد آفتاب مدل SPF50 Oil Free مناسب پوست چرب,https://www.khanoumi.com/products/syn-skin-syn-shield-oil-free-sun-screen-cream-gel-spf50-28026,کرم خوبیه.روی پوست میخوابه و رد سفیدی نمیگذاره.اما برای من با پوست مختلط باعث جوش شد.,0,true,2024-11-13T08:59:28.3201942+00:00,مثبت,0.67,محصول,محصول
ژل کرم ضد آفتاب مدل SPF50 Oil Free مناسب پوست چرب,https://www.khanoumi.com/products/syn-skin-syn-shield-oil-free-sun-screen-cream-gel-spf50-28026,ضدافتاب خوبیه من بیرنگش رو خریدم سبکه رد سفیدی نداره 2تا ایراد داره.اولی پوست رو برق میندازه برای من رو خیلی .دومی چشم رو میسوزونه,0,true,2024-11-12T19:35:52.1299641+00:00,مثبت,0.67,محصول,محصول
ژل کرم ضد آفتاب مدل SPF50 Oil Free مناسب پوست چرب,https://www.khanoumi.com/products/syn-skin-syn-shield-oil-free-sun-screen-cream-gel-spf50-28026,ضد آفتاب خیلی خوبیه، راحت روی پوست میخوابه و رد سفیدی نداره... من چند ساله استفاده میکنم,0,true,2024-11-10T16:31:33.1074043+00:00,مثبت,0.79,محصول,محصول
ژل کرم ضد آفتاب مدل SPF50 Oil Free مناسب پوست چرب,https://www.khanoumi.com/products/syn-skin-syn-shield-oil-free-sun-screen-cream-gel-spf50-28026,ضد آفتاب بی رنگ و زود جذبیه اصلا حس سنگینی نمیده ولی چشمو به شدت میسوزونه دیگه اصلا تمدیدش نمیکنم,0,true,2024-11-10T07:49:09.4940117+00:00,خنثی,0.35,محصول | اصل بودن کالا,محصول
ژل کرم ضد آفتاب مدل SPF50 Oil Free مناسب پوست چرب,https://www.khanoumi.com/products/syn-skin-syn-shield-oil-free-sun-screen-cream-gel-spf50-28026,پوست من چربه و با پوست من سازگار نبود باعث جوشهای ریز شد روی صورتم بوی خوبی هم نداره من یکی دو هفته استفاده کردم و گذاشتمش کنار,0,true,2024-11-10T06:43:03.1147588+00:00,منفی,0.67,محصول,محصول
ژل کرم ضد آفتاب مدل SPF50 Oil Free مناسب پوست چرب,https://www.khanoumi.com/products/syn-skin-syn-shield-oil-free-sun-screen-cream-gel-spf50-28026,ضد آفتاب خیلی خوبیه واسه من با موست مختلط اصلا باعث جوش نشد ولی از فلوئید مای یکم سنگین تره بیشتر مناسب فصل سرما,0,true,2024-11-05T12:40:22.4645372+00:00,مثبت,0.91,محصول | اصل بودن کالا,محصول
ژل کرم ضد آفتاب مدل SPF50 Oil Free مناسب پوست چرب,https://www.khanoumi.com/products/syn-skin-syn-shield-oil-free-sun-screen-cream-gel-spf50-28026,پوست رو به شدت برق میندازه و ضاهری چرب به صورت میده,0,false,2024-11-05T08:49:15.0489023+00:00,خنثی,0.35,محصول,محصول
ژل کرم ضد آفتاب مدل SPF50 Oil Free مناسب پوست چرب,https://www.khanoumi.com/products/syn-skin-syn-shield-oil-free-sun-screen-cream-gel-spf50-28026,"برای من باعث جوش‌ نشد
و به پوستم ساخت
بافتش نه خیلی سنگینه و نه مثل فلویید خیلی سبک
اما قابل قبوله
و من مجددا سفارش میدم",0,true,2024-11-01T22:42:58.8852946+00:00,خنثی,0.35,محصول,محصول
ژل کرم ضد آفتاب مدل SPF50 Oil Free مناسب پوست چرب,https://www.khanoumi.com/products/syn-skin-syn-shield-oil-free-sun-screen-cream-gel-spf50-28026,بهترین ضدآفتابی که تو عمرم دیدم عالی عالی,0,false,2024-11-01T05:40:21.206171+00:00,مثبت,0.91,سایر,سایر
ژل کرم ضد آفتاب مدل SPF50 Oil Free مناسب پوست چرب,https://www.khanoumi.com/products/syn-skin-syn-shield-oil-free-sun-screen-cream-gel-spf50-28026,عالیه من چند ماه استفاده میکنم خیلی راضیم سبک هست سریع جذب پوست میشه من بی رنگشو میگیرم تخفیف داشته باشه که عالیه,0,true,2024-10-31T10:51:57.4465969+00:00,مثبت,0.95,محصول | قیمت,محصول
ژل کرم ضد آفتاب مدل SPF50 Oil Free مناسب پوست چرب,https://www.khanoumi.com/products/syn-skin-syn-shield-oil-free-sun-screen-cream-gel-spf50-28026,من خریدم اینو.برای پوست چرب سنگینه و باهاش جوش زدم,0,true,2024-10-29T08:10:56.1899063+00:00,خنثی,0.35,محصول,محصول
ژل کرم ضد آفتاب مدل SPF50 Oil Free مناسب پوست چرب,https://www.khanoumi.com/products/syn-skin-syn-shield-oil-free-sun-screen-cream-gel-spf50-28026,مورد علاقه ترین ضدافتابم. واقعااااا فوق العادست,0,false,2024-10-27T14:04:38.9353573+00:00,خنثی,0.35,محصول,محصول
ژل کرم ضد آفتاب مدل SPF50 Oil Free مناسب پوست چرب,https://www.khanoumi.com/products/syn-skin-syn-shield-oil-free-sun-screen-cream-gel-spf50-28026,خیلی هم چربه اصلا برای پوست چرب مناسب نیست من دادم به مادرم که پوستش خشکه استفاده کنه,0,true,2024-10-25T19:46:35.9831657+00:00,مثبت,0.67,محصول | اصل بودن کالا,محصول
ژل کرم ضد آفتاب مدل SPF50 Oil Free مناسب پوست چرب,https://www.khanoumi.com/products/syn-skin-syn-shield-oil-free-sun-screen-cream-gel-spf50-28026,تخفیف بیشتری بذارین لطفا,0,false,2024-10-24T05:31:20.8027919+00:00,خنثی,0.35,قیمت,قیمت
ژل کرم ضد آفتاب مدل SPF50 Oil Free مناسب پوست چرب,https://www.khanoumi.com/products/syn-skin-syn-shield-oil-free-sun-screen-cream-gel-spf50-28026,صورتم چرب هست و مستعد جوش ،بسیار به صورتم نشست و حتی از زدن جوش جلوگیری میکنه,0,true,2024-10-21T10:09:00.6904441+00:00,خنثی,0.35,سایر,سایر
ژل کرم ضد آفتاب مدل SPF50 Oil Free مناسب پوست چرب,https://www.khanoumi.com/products/syn-skin-syn-shield-oil-free-sun-screen-cream-gel-spf50-28026,"خیلی راضیم ازش برای پوست من که چربه نه ایجاد جوش کرد و نه برق افتاد،فقط اینکه اگه مثل من پوستتون روشنه مدیوم رو نگیرین براتون تیره میشه
رنگشم روی صورت خیلی نچرال و قشنگ پخش میشه",0,false,2024-10-20T09:24:11.6893169+00:00,مثبت,0.79,محصول,محصول
ژل کرم ضد آفتاب مدل SPF50 Oil Free مناسب پوست چرب,https://www.khanoumi.com/products/syn-skin-syn-shield-oil-free-sun-screen-cream-gel-spf50-28026,عالیه خیلی راضی بودم پوست چرب و مستعد جوش و لک دارم اینو واسه تو خونه چنروزه از خانومی سفارش دادم با ی تخفیف خیلییییی عالی تو روز دهم ممنونم خانومی خیلی راضیم دوباره ی تخفیف خفن بذار,0,false,2024-10-17T14:35:54.1960623+00:00,مثبت,0.95,محصول | قیمت,محصول
ژل کرم ضد آفتاب مدل SPF50 Oil Free مناسب پوست چرب,https://www.khanoumi.com/products/syn-skin-syn-shield-oil-free-sun-screen-cream-gel-spf50-28026,"ضدآفتاب خوبیه 
ولی عطریه چشم رو میسوزونه",0,true,2024-10-15T17:15:41.0775436+00:00,مثبت,0.67,محصول,محصول
ژل کرم ضد آفتاب مدل SPF50 Oil Free مناسب پوست چرب,https://www.khanoumi.com/products/syn-skin-syn-shield-oil-free-sun-screen-cream-gel-spf50-28026,عالیه بوی خیلی ملایمی داره و روی پوست سنگینی حس نمیشه اگه به اندازه هم استفاده کنید صورت برق نمیوفته,0,true,2024-10-15T05:38:58.4528833+00:00,مثبت,0.79,محصول,محصول
ژل کرم ضد آفتاب مدل SPF50 Oil Free مناسب پوست چرب,https://www.khanoumi.com/products/syn-skin-syn-shield-oil-free-sun-screen-cream-gel-spf50-28026,عالی برای پوست های چرب،,0,false,2024-10-13T15:55:44.6117912+00:00,مثبت,0.67,محصول,محصول
ژل کرم ضد آفتاب مدل SPF50 Oil Free مناسب پوست چرب,https://www.khanoumi.com/products/syn-skin-syn-shield-oil-free-sun-screen-cream-gel-spf50-28026,من پوست چربو مستعد جوش دارم ،بسیار عالیه سبکه یه برق ریزی میندازه ولی فلوئیدی و آبکیه ،دارای محافظت درمقابل یووی و اشعه خورشیده ، قیمت مناسبی داره و جوش زا نیست!,0,false,2024-10-13T08:28:43.9556016+00:00,مثبت,0.79,محصول | قیمت,محصول
ژل کرم ضد آفتاب مدل SPF50 Oil Free مناسب پوست چرب,https://www.khanoumi.com/products/syn-skin-syn-shield-oil-free-sun-screen-cream-gel-spf50-28026,ضد آفتابی عالی، اون لحظه کوتاه حذب شدن یکم برق روی پوست دیده میشه که سریع با جذب کامل کرم برطرف میشه و کاملا بی رنگ هست حس چربی نمیده و حس خوب مرطوب بودن پوست میده، برخلاف مای که خیلی ازش تعریف شنیدم  بوی بد نمیده و تقریبا بدون عطره و سفید هم نمیکنه پوست رو چون مای کاملا رد سفیدی داره حس چربی میمونه رو پوست وبوس بد داره. در کل ساین اسکین  به نظر من خیلی خوب و تقریبا بدون ایراده جوش هم ایجاد نمیکنه,0,false,2024-10-12T07:44:47.8754419+00:00,ترکیبی,0.82,محصول,محصول
ژل کرم ضد آفتاب مدل SPF50 Oil Free مناسب پوست چرب,https://www.khanoumi.com/products/syn-skin-syn-shield-oil-free-sun-screen-cream-gel-spf50-28026,خیلی دوسش دارم,0,true,2024-10-07T05:08:58.6971146+00:00,خنثی,0.35,سایر,سایر
ژل کرم ضد آفتاب مدل SPF50 Oil Free مناسب پوست چرب,https://www.khanoumi.com/products/syn-skin-syn-shield-oil-free-sun-screen-cream-gel-spf50-28026,"بهترین ضدافتاب برای پوست چرب .
عالی بود.",0,false,2024-10-05T09:14:28.9974891+00:00,مثبت,0.91,محصول,محصول
ژل کرم ضد آفتاب مدل SPF50 Oil Free مناسب پوست چرب,https://www.khanoumi.com/products/syn-skin-syn-shield-oil-free-sun-screen-cream-gel-spf50-28026,یه رد چربی میذاره رو پوست و پوست رو برق میندازه,0,true,2024-10-04T21:01:41.4273468+00:00,خنثی,0.35,محصول,محصول
ژل کرم ضد آفتاب مدل SPF50 Oil Free مناسب پوست چرب,https://www.khanoumi.com/products/syn-skin-syn-shield-oil-free-sun-screen-cream-gel-spf50-28026,"فوق العاده زود جذب و سبکه 
من اصلا باهاش جوش نزدم",0,true,2024-09-30T18:26:03+00:00,مثبت,0.79,اصل بودن کالا,اصل بودن کالا
ژل کرم ضد آفتاب مدل SPF50 Oil Free مناسب پوست چرب,https://www.khanoumi.com/products/syn-skin-syn-shield-oil-free-sun-screen-cream-gel-spf50-28026,عالیه من خیلی راضیم ,0,true,2024-09-29T11:53:13+00:00,مثبت,0.95,سایر,سایر
ژل کرم ضد آفتاب مدل SPF50 Oil Free مناسب پوست چرب,https://www.khanoumi.com/products/syn-skin-syn-shield-oil-free-sun-screen-cream-gel-spf50-28026,من این ضد آفتاب و یک هفته میشه که دارم استفاده میکنم واقعا عالیه من قبلش سینره استفاده میکردم ولی رد سفیدی داشت ولی این ضد آفتاب عالیه بافتش کرم فلوئیدی که خیلی خوب جذب میشه بدون رد سفیدی,0,false,2024-09-27T19:35:41+00:00,ترکیبی,0.92,محصول,محصول
ژل کرم ضد آفتاب مدل SPF50 Oil Free مناسب پوست چرب,https://www.khanoumi.com/products/syn-skin-syn-shield-oil-free-sun-screen-cream-gel-spf50-28026,ضدآفتاب خوبیه من رنگیش رو گرفتم . رنگش خوبه و روی پوست هم سبکه ,0,false,2024-09-24T11:36:35+00:00,مثبت,0.91,محصول,محصول
ژل کرم ضد آفتاب مدل SPF50 Oil Free مناسب پوست چرب,https://www.khanoumi.com/products/syn-skin-syn-shield-oil-free-sun-screen-cream-gel-spf50-28026,"من مدل بیرنگشو گرفتم و خیلی راضیم
بین ضد آفتاب هایی که تاحالا داشتم بهترینه 
پوست رو چرب نمیکنه و من باهاش جوش نزدم
محافظت بالایی داره
نوع پوست من به شدت چربه اما این ضدآفتاب بعد از یک ربع جذب پوست میشه و پوست براق نمیشه
بوی خوبی میده
",0,true,2024-09-18T12:40:36+00:00,مثبت,0.79,محصول,محصول
ژل کرم ضد آفتاب مدل SPF50 Oil Free مناسب پوست چرب,https://www.khanoumi.com/products/syn-skin-syn-shield-oil-free-sun-screen-cream-gel-spf50-28026,فقط بوی عااالی و یکم براقی پوست داره,0,true,2024-09-18T11:45:39+00:00,خنثی,0.35,محصول,محصول
ژل کرم ضد آفتاب مدل SPF50 Oil Free مناسب پوست چرب,https://www.khanoumi.com/products/syn-skin-syn-shield-oil-free-sun-screen-cream-gel-spf50-28026,ضد افتاب خیلی خوبیه من 3 باره ازش خریدم فقط ایرادش طعم تلخی داره یه کم دور لبت بزنی وبره دهنت خیلی اذیت کنندس,0,true,2024-09-17T12:06:05+00:00,مثبت,0.79,سایر,سایر
ژل کرم ضد آفتاب مدل SPF50 Oil Free مناسب پوست چرب,https://www.khanoumi.com/products/syn-skin-syn-shield-oil-free-sun-screen-cream-gel-spf50-28026,زود جذب میشه،خیلی عطر داره،مزه تلخی میره داخل دهن نمیدونم چرا،و ظاهر چرب و خیس داره,0,true,2024-09-12T14:23:38+00:00,خنثی,0.35,محصول,محصول
ژل کرم ضد آفتاب مدل SPF50 Oil Free مناسب پوست چرب,https://www.khanoumi.com/products/syn-skin-syn-shield-oil-free-sun-screen-cream-gel-spf50-28026,برای من باعث به وجود اومدن جوشای بزرگ و زیادی شد اگر پوستی دارید که نسبت به محصولات حساسه و زود باهاشون جوش میزنه به هیچ وجه پیشنهاد نمیشه,0,true,2024-09-11T09:17:06+00:00,منفی,0.67,محصول,محصول
ژل کرم ضد آفتاب مدل SPF50 Oil Free مناسب پوست چرب,https://www.khanoumi.com/products/syn-skin-syn-shield-oil-free-sun-screen-cream-gel-spf50-28026,من پوستم چربه و بی رنگش رو گرفتم و راضی نبودم. روی پوستم چربه و براق,0,false,2024-09-08T15:36:06+00:00,منفی,0.67,محصول,محصول
ژل کرم ضد آفتاب مدل SPF50 Oil Free مناسب پوست چرب,https://www.khanoumi.com/products/syn-skin-syn-shield-oil-free-sun-screen-cream-gel-spf50-28026,رنگ مدیون مناسب گندمی روشن سریع جذب میشه قبلن ژنو داشتم پوستم خارش شدید داشت ولی این ضد آفتاب خیلی خوبه برق نمیوفته حالت کیکی نمیشه خیلی سبکه پوشش خوبی هم داره در کل راضیم ,0,false,2024-09-08T14:06:48+00:00,خنثی,0.35,محصول,محصول
ژل کرم ضد آفتاب مدل SPF50 Oil Free مناسب پوست چرب,https://www.khanoumi.com/products/syn-skin-syn-shield-oil-free-sun-screen-cream-gel-spf50-28026,این ضد آفتاب عالیه حتی لک رو هم تا حدودی کم رنگ میکنه چند سریه شارژش میکنم,0,true,2024-09-07T18:00:23+00:00,مثبت,0.79,محصول,محصول
ژل کرم ضد آفتاب مدل SPF50 Oil Free مناسب پوست چرب,https://www.khanoumi.com/products/syn-skin-syn-shield-oil-free-sun-screen-cream-gel-spf50-28026,عجیب غریب دهان را تلخ میکنه,0,true,2024-09-07T12:22:46+00:00,خنثی,0.35,سایر,سایر
ژل کرم ضد آفتاب مدل SPF50 Oil Free مناسب پوست چرب,https://www.khanoumi.com/products/syn-skin-syn-shield-oil-free-sun-screen-cream-gel-spf50-28026,خوبه ولی خیلی تلخه اگر وارد دهان بشه و اگر داخل چشم بره خیلی میسوزه ,0,true,2024-09-06T21:26:12+00:00,مثبت,0.79,سایر,سایر
ژل کرم ضد آفتاب مدل SPF50 Oil Free مناسب پوست چرب,https://www.khanoumi.com/products/syn-skin-syn-shield-oil-free-sun-screen-cream-gel-spf50-28026,دکتر برای برادرم تجویز کرده بود منم ازین ضدافتاب استفاده کردم عالی بود سبک جذب پوست میشه سریع احساس چرب بودن نمیده زیاد منکه راضیم قبل از این ضدافتاب ژوت داشتم اصلا رضایتمو جلب نکرد,0,false,2024-09-04T01:44:10+00:00,مثبت,0.95,محصول | اصل بودن کالا,محصول
ژل کرم ضد آفتاب مدل SPF50 Oil Free مناسب پوست چرب,https://www.khanoumi.com/products/syn-skin-syn-shield-oil-free-sun-screen-cream-gel-spf50-28026,چشمو میسوزونه اصلا خوب نیس ارزش خرید نداره ,0,true,2024-09-03T21:45:46+00:00,مثبت,0.67,محصول | اصل بودن کالا | قیمت,محصول
ژل کرم ضد آفتاب مدل SPF50 Oil Free مناسب پوست چرب,https://www.khanoumi.com/products/syn-skin-syn-shield-oil-free-sun-screen-cream-gel-spf50-28026,"واقعا عالیه هم سبک هم اصلا چرب نیس و رد سفیدی هم نمیندازه بعداز امتحان کلی ضدآفتاب 
رسیدم به سایناسکین و دیگه تغییرش نمیدم ",0,false,2024-09-02T23:53:10+00:00,مثبت,0.91,تحویل و ارسال | اصل بودن کالا,تحویل و ارسال
ژل کرم ضد آفتاب مدل SPF50 Oil Free مناسب پوست چرب,https://www.khanoumi.com/products/syn-skin-syn-shield-oil-free-sun-screen-cream-gel-spf50-28026,بهترین ضد آفتاب برای پوست چرب و مستعد جوش من خیلی راضیم تقریبا 3 ماهه استفاده میکنم وقتی به پوستم میزنم سریع جذب میشه و یه حالت لیفت به پوستم میده ,0,true,2024-09-02T00:05:02+00:00,مثبت,0.91,محصول,محصول
ژل کرم ضد آفتاب مدل SPF50 Oil Free مناسب پوست چرب,https://www.khanoumi.com/products/syn-skin-syn-shield-oil-free-sun-screen-cream-gel-spf50-28026,بی رنگشو 2ساله با تجویز پزشک استفاده میکنم عالیههههههه,0,true,2024-09-01T21:06:06+00:00,مثبت,0.79,محصول,محصول
ژل کرم ضد آفتاب مدل SPF50 Oil Free مناسب پوست چرب,https://www.khanoumi.com/products/syn-skin-syn-shield-oil-free-sun-screen-cream-gel-spf50-28026,عالیه،دو سال هست که با تجویز پزشک دارم استفاده می کنم، سبکه،زود جذب میشه،رد سفیدی نداره,0,true,2024-08-30T07:10:39+00:00,مثبت,0.79,سایر,سایر
ژل کرم ضد آفتاب مدل SPF50 Oil Free مناسب پوست چرب,https://www.khanoumi.com/products/syn-skin-syn-shield-oil-free-sun-screen-cream-gel-spf50-28026,ضد آفتاب سبک و چرب نیست ،فقط دهن آدمو تلخ میکنه ،میخوام دلیلشو بدونم واقعا چرا!؟,0,false,2024-08-27T02:30:15+00:00,منفی,0.67,محصول,محصول
ژل کرم ضد آفتاب مدل SPF50 Oil Free مناسب پوست چرب,https://www.khanoumi.com/products/syn-skin-syn-shield-oil-free-sun-screen-cream-gel-spf50-28026,"برق خیلی کمی داره 
ولی وقتی داری میزنی خیسه انگار خیلی باید بمالی تا جذب شه",0,false,2024-08-26T15:11:04+00:00,خنثی,0.35,سایر,سایر
ژل کرم ضد آفتاب مدل SPF50 Oil Free مناسب پوست چرب,https://www.khanoumi.com/products/syn-skin-syn-shield-oil-free-sun-screen-cream-gel-spf50-28026,"ضد آفتاب خوبیه تا وقتی که نزدیک چشمتون نخوره
",0,false,2024-08-24T07:07:48+00:00,مثبت,0.67,سایر,سایر
ژل کرم ضد آفتاب مدل SPF50 Oil Free مناسب پوست چرب,https://www.khanoumi.com/products/syn-skin-syn-shield-oil-free-sun-screen-cream-gel-spf50-28026,ضدآفتاب خوبیه زود جذب میشه رد سفیدی نمیزاره فقط چشمو میسوزونه,0,false,2024-08-22T22:27:41+00:00,مثبت,0.67,محصول,محصول
ژل کرم ضد آفتاب مدل SPF50 Oil Free مناسب پوست چرب,https://www.khanoumi.com/products/syn-skin-syn-shield-oil-free-sun-screen-cream-gel-spf50-28026,توی ضد آفتاب های ایرانی واقعا بهترینه نه سنگینه نه چربه محافظت بالا داره 3ساله دارم استفاده میکنم کیفیتش اصلا فرق نکرده ,0,true,2024-08-22T16:09:23+00:00,مثبت,0.79,محصول | اصل بودن کالا,محصول
ژل کرم ضد آفتاب مدل SPF50 Oil Free مناسب پوست چرب,https://www.khanoumi.com/products/syn-skin-syn-shield-oil-free-sun-screen-cream-gel-spf50-28026,انقد ک خفنه حرفی برای گفتن نداره. خیلی راضیم. یکوچولو ظاهر خیس داره اما اصلا اصلا سنگین نیست باعث جوش نمیشه و اینکه ب شدت سبکه.ممنون از خانومی که همیشه تخفیفای هیجان انگیز داره.,0,true,2024-08-22T02:47:08+00:00,منفی,0.67,اصل بودن کالا | قیمت,اصل بودن کالا
ژل کرم ضد آفتاب مدل SPF50 Oil Free مناسب پوست چرب,https://www.khanoumi.com/products/syn-skin-syn-shield-oil-free-sun-screen-cream-gel-spf50-28026,عالیهههههه,0,true,2024-08-22T01:09:45+00:00,مثبت,0.79,سایر,سایر
ژل کرم ضد آفتاب مدل SPF50 Oil Free مناسب پوست چرب,https://www.khanoumi.com/products/syn-skin-syn-shield-oil-free-sun-screen-cream-gel-spf50-28026,خیلی محصول خوب و سیک و آبرسانیه. اصلا رد سفیدی نداره.محافظت کامل داره. در کل فوق العادس و پیشنهاد میکنم ,0,true,2024-08-21T19:59:40+00:00,مثبت,0.95,محصول | اصل بودن کالا,محصول
ژل کرم ضد آفتاب مدل SPF50 Oil Free مناسب پوست چرب,https://www.khanoumi.com/products/syn-skin-syn-shield-oil-free-sun-screen-cream-gel-spf50-28026,خوبه ولی نه اونقدری که ازش تعریف میشه تو این رنج قیمتی من فلوئید مای رو ترجیح میدم,0,true,2024-08-13T23:32:20+00:00,مثبت,0.79,قیمت,قیمت
ژل کرم ضد آفتاب مدل SPF50 Oil Free مناسب پوست چرب,https://www.khanoumi.com/products/syn-skin-syn-shield-oil-free-sun-screen-cream-gel-spf50-28026,خوبه سبکه زود جذب میشه ولی چشمو میسوزونه,0,false,2024-08-12T17:49:07+00:00,مثبت,0.79,محصول,محصول
ژل کرم ضد آفتاب مدل SPF50 Oil Free مناسب پوست چرب,https://www.khanoumi.com/products/syn-skin-syn-shield-oil-free-sun-screen-cream-gel-spf50-28026,"من پوست چربی دارم  به شدت باعث جوش شد رو صورتم چشمامو میسوزوند اصلا پیشنهاد نمی کنم
",0,false,2024-08-11T23:04:06+00:00,خنثی,0.35,محصول | اصل بودن کالا,محصول
ژل کرم ضد آفتاب مدل SPF50 Oil Free مناسب پوست چرب,https://www.khanoumi.com/products/syn-skin-syn-shield-oil-free-sun-screen-cream-gel-spf50-28026,ضد افتاب خوبیه ولی خدا نکنه تو چشمتون بره.  وحشتناک میسوزونه,0,true,2024-08-11T22:34:31+00:00,مثبت,0.67,سایر,سایر
ژل کرم ضد آفتاب مدل SPF50 Oil Free مناسب پوست چرب,https://www.khanoumi.com/products/syn-skin-syn-shield-oil-free-sun-screen-cream-gel-spf50-28026,چشم رو میسوزونه باعث جوش میشه و خیلی چرب هست,0,false,2024-08-09T15:45:51+00:00,خنثی,0.35,سایر,سایر
ژل کرم ضد آفتاب مدل SPF50 Oil Free مناسب پوست چرب,https://www.khanoumi.com/products/syn-skin-syn-shield-oil-free-sun-screen-cream-gel-spf50-28026,من این ضدآفتابو خیلی دوست دارم عالی هست، بافت سبک داره،پوستم هم چرب هست،درماتیپیک هم گرفته بودم ولی این خیلی سبک تر هست,0,true,2024-08-06T18:02:14+00:00,مثبت,0.67,محصول | تحویل و ارسال,محصول
ژل کرم ضد آفتاب مدل SPF50 Oil Free مناسب پوست چرب,https://www.khanoumi.com/products/syn-skin-syn-shield-oil-free-sun-screen-cream-gel-spf50-28026,"من پوستم گندمیه و رنک مدیوم سفارش دادم و خیلی رو پوستم رنگ خوب و طبیعی داشت. پوست من جوشدار و چربه و برای پوستم خوب بود. 
اولش یکم احساس چربی و سنگینی داره باید ماساژ بدید و بعد چند دقیقه کاملا سبک میشه و اتفاقا حس خوبی میده 
از نظر محافظت هم کاملا تأیید شده س
اگه بیرنگ بگیرید مقدار بیشتری میتونید بزنید من یه بند انگشت زدم انگار کافی بود
من خیلی دوست داشتم ",0,false,2024-08-06T11:02:48+00:00,مثبت,0.95,محصول,محصول
ژل کرم ضد آفتاب مدل SPF50 Oil Free مناسب پوست چرب,https://www.khanoumi.com/products/syn-skin-syn-shield-oil-free-sun-screen-cream-gel-spf50-28026,"ضدافتاب خوبیه بافت خوبی داره باهاش جوش نمیزنم اما موقع استفاده به شدت باعث سوزش چشم میشه
",0,true,2024-08-05T10:03:08+00:00,مثبت,0.79,محصول,محصول
حالت دهنده مو ایکس پاور 300 میل,https://www.khanoumi.com/products/energy-cosmetics-x-power-leave-in-conditioner-300ml-28244,لطفا این محصول رو موجود کنید,0,false,2024-11-02T08:50:01.0164144+00:00,خنثی,0.35,محصول,محصول
حالت دهنده مو ایکس پاور 300 میل,https://www.khanoumi.com/products/energy-cosmetics-x-power-leave-in-conditioner-300ml-28244,عالیه این محصول ,3,true,2020-06-15T00:22:40+00:00,مثبت,0.79,محصول,محصول
ژل کرم ضد آفتاب مدل SPF50 Oil Free مناسب پوست چرب,https://www.khanoumi.com/products/syn-skin-syn-shield-oil-free-sun-screen-cream-gel-spf50-28026,بر خلاف کسایی که گفتن چشم رو میسوزونه، چشم من رو نسوزوند، در کل ضد آفتاب خیلی خوبه هست,0,true,2024-08-01T00:11:49+00:00,مثبت,0.91,سایر,سایر
ژل کرم ضد آفتاب مدل SPF50 Oil Free مناسب پوست چرب,https://www.khanoumi.com/products/syn-skin-syn-shield-oil-free-sun-screen-cream-gel-spf50-28026,زود روی صورت آب میشه و خیلی چشم رو میسوزونه,0,true,2024-07-29T22:09:22+00:00,خنثی,0.35,سایر,سایر
ژل کرم ضد آفتاب مدل SPF50 Oil Free مناسب پوست چرب,https://www.khanoumi.com/products/syn-skin-syn-shield-oil-free-sun-screen-cream-gel-spf50-28026,این ضدآفتاب عالی هست،من پوستم چرب هست هم درماتیپیک گرفته بودم هم ساین اسکین ،ساین اسکین خیلی سبک تر هست عالی هست,0,true,2024-07-28T14:55:57+00:00,مثبت,0.79,محصول | تحویل و ارسال,محصول
ژل کرم ضد آفتاب مدل SPF50 Oil Free مناسب پوست چرب,https://www.khanoumi.com/products/syn-skin-syn-shield-oil-free-sun-screen-cream-gel-spf50-28026,"زودجذب و سبکه ، حجم خوبی داره و رد سفیدی نمیندازه 
پوست من چرب و مختلطه و وقتی استفاده میکنم پوشش خوبی ایجاد میکنه ",0,true,2024-07-25T13:53:28+00:00,مثبت,0.79,محصول,محصول
ژل کرم ضد آفتاب مدل SPF50 Oil Free مناسب پوست چرب,https://www.khanoumi.com/products/syn-skin-syn-shield-oil-free-sun-screen-cream-gel-spf50-28026,با دیدن نظرات خریدم ، زود جذب هست رد سفیدی نداره من بی رنگ خریدم ولی به نظرم حتی اگه از اشعه محافظت کنه ام باز شما پوستتون سیاه میشه باهاش یعنی به دستتون بزنین برین افتاب قشنگ سیاهین حس کمی چربی داره و به یه ساعت نکشیده پوستتون چرب میشه کافیه صفحه گوشی بخوره به صورتتون کل ضد افتاب رو گلش گوشیتونه و من دیگه نمیخرم ازش,0,true,2024-07-25T11:26:18+00:00,خنثی,0.35,محصول,محصول
ژل کرم ضد آفتاب مدل SPF50 Oil Free مناسب پوست چرب,https://www.khanoumi.com/products/syn-skin-syn-shield-oil-free-sun-screen-cream-gel-spf50-28026,خیلی راضی بودم منتظر تخفیف هستم تا خریدمو کامل کنم,0,true,2024-07-20T20:16:58+00:00,مثبت,0.67,محصول | قیمت,محصول
ژل کرم ضد آفتاب مدل SPF50 Oil Free مناسب پوست چرب,https://www.khanoumi.com/products/syn-skin-syn-shield-oil-free-sun-screen-cream-gel-spf50-28026,واقعا میتونم بگم عالیه خیلییی خیلی سبک و زود جذبه رد سفیدی نداره من واقعا راضیم و پیشنهاد میکنم,0,false,2024-07-15T16:06:02+00:00,مثبت,0.95,سایر,سایر
ژل کرم ضد آفتاب مدل SPF50 Oil Free مناسب پوست چرب,https://www.khanoumi.com/products/syn-skin-syn-shield-oil-free-sun-screen-cream-gel-spf50-28026,"خیلی با کیفیت و عالی
زود جذب میشه و رد سفیدی نداره
محافظت عالی",0,true,2024-07-14T13:49:55+00:00,مثبت,0.79,محصول,محصول
ژل کرم ضد آفتاب مدل SPF50 Oil Free مناسب پوست چرب,https://www.khanoumi.com/products/syn-skin-syn-shield-oil-free-sun-screen-cream-gel-spf50-28026,من بی رنگش رو گرفتم عالیه خیلی سبکه و برای منی که پوست حساسی دارم و جوش هم میزنم عالی بود ,0,true,2024-07-12T23:16:28+00:00,مثبت,0.95,محصول,محصول
ژل کرم ضد آفتاب مدل SPF50 Oil Free مناسب پوست چرب,https://www.khanoumi.com/products/syn-skin-syn-shield-oil-free-sun-screen-cream-gel-spf50-28026,"ضد آفتاب سبک و خوبیه رد سفیدی نمیذاره محافظت بالایی در مقابل اشعه خورشید داره جوش نمیزنم باهاش
  ولی مادامی که روی صورتمه طعم دهانم تلخه
و زمانی که پوست صورتمو میشورم به شدت چشمام میسوزه 
در کل پیشنهاد نمیدم و اصلا دوباره شارژ نمیکنم این مدلو",0,true,2024-07-07T12:21:16+00:00,منفی,0.67,محصول | اصل بودن کالا,اصل بودن کالا
ژل کرم ضد آفتاب مدل SPF50 Oil Free مناسب پوست چرب,https://www.khanoumi.com/products/syn-skin-syn-shield-oil-free-sun-screen-cream-gel-spf50-28026,من توی تخفیف خریدم راضیم چون پوستم چربه جوش نزدم و اینکه زود جذب میشه منتها من بعدشم یکم پنکیک میزنم ک کامل مات بشه بوشم خوبه رد سفیدی هم نداره ,0,true,2024-07-06T21:07:27+00:00,مثبت,0.95,محصول | قیمت,محصول
ژل کرم ضد آفتاب مدل SPF50 Oil Free مناسب پوست چرب,https://www.khanoumi.com/products/syn-skin-syn-shield-oil-free-sun-screen-cream-gel-spf50-28026,تخفیف ویژه هم بزارید لطفاً ,0,true,2024-06-30T23:01:19+00:00,خنثی,0.35,قیمت,قیمت
ژل کرم ضد آفتاب مدل SPF50 Oil Free مناسب پوست چرب,https://www.khanoumi.com/products/syn-skin-syn-shield-oil-free-sun-screen-cream-gel-spf50-28026,این ضد افتاب برای پوست چرب و مختلط عالیه اصلا چرب نمیشه و سنگین نیست لطفا موجود کنید,0,false,2024-06-26T17:23:21+00:00,مثبت,0.67,محصول | اصل بودن کالا,محصول
ژل کرم ضد آفتاب مدل SPF50 Oil Free مناسب پوست چرب,https://www.khanoumi.com/products/syn-skin-syn-shield-oil-free-sun-screen-cream-gel-spf50-28026,سلام لطفا این محصول رو موجود کنید میخوام ثبت سفارش رو تکمیل کنم منتظر این ضدآفتاب هستم موجود بشه,0,true,2024-06-23T14:31:22+00:00,خنثی,0.35,محصول,محصول
ژل کرم ضد آفتاب مدل SPF50 Oil Free مناسب پوست چرب,https://www.khanoumi.com/products/syn-skin-syn-shield-oil-free-sun-screen-cream-gel-spf50-28026,بهتریننن ضدآفتابیه که تا الان استفاده کردم واقعا محشره اصلا رو پوست لک سفیدی نمیندازه و اصلا روی پوست برق نمی افته و چرب نیس ,0,true,2024-06-20T16:08:26+00:00,مثبت,0.67,محصول | اصل بودن کالا,محصول
ژل کرم ضد آفتاب مدل SPF50 Oil Free مناسب پوست چرب,https://www.khanoumi.com/products/syn-skin-syn-shield-oil-free-sun-screen-cream-gel-spf50-28026,لطفا این ضد آفتاب رو شارژ کنید ,0,true,2024-06-19T17:18:21+00:00,خنثی,0.35,سایر,سایر
ژل کرم ضد آفتاب مدل SPF50 Oil Free مناسب پوست چرب,https://www.khanoumi.com/products/syn-skin-syn-shield-oil-free-sun-screen-cream-gel-spf50-28026,لطفا موجود کنید ,0,false,2024-06-19T01:33:02+00:00,خنثی,0.35,محصول,محصول
ژل کرم ضد آفتاب مدل SPF50 Oil Free مناسب پوست چرب,https://www.khanoumi.com/products/syn-skin-syn-shield-oil-free-sun-screen-cream-gel-spf50-28026,خیلی خوبه,0,true,2024-06-18T22:02:07+00:00,مثبت,0.91,سایر,سایر
ژل کرم ضد آفتاب مدل SPF50 Oil Free مناسب پوست چرب,https://www.khanoumi.com/products/syn-skin-syn-shield-oil-free-sun-screen-cream-gel-spf50-28026,یکی از بهترین ضدآفتاب هایی هستش که تاحالا استفاده کردم بافتش بسیار سبکه و زود جذب میشه رد سفیدی نمیندازه و برای پوست های چرب عالیه محافظتش هم خیلی خوبه حتما پیشنهادش میکنم,0,true,2024-06-17T02:52:12+00:00,مثبت,0.95,محصول,محصول
ژل کرم ضد آفتاب مدل SPF50 Oil Free مناسب پوست چرب,https://www.khanoumi.com/products/syn-skin-syn-shield-oil-free-sun-screen-cream-gel-spf50-28026,موجود کنید لطفا,0,false,2024-06-15T21:18:51+00:00,خنثی,0.35,محصول,محصول
ژل کرم ضد آفتاب مدل SPF50 Oil Free مناسب پوست چرب,https://www.khanoumi.com/products/syn-skin-syn-shield-oil-free-sun-screen-cream-gel-spf50-28026,عالی بود لطفا موجودش کنید خریدمو تکمیل کنم,0,true,2024-06-15T15:00:37+00:00,مثبت,0.79,محصول,محصول
ژل کرم ضد آفتاب مدل SPF50 Oil Free مناسب پوست چرب,https://www.khanoumi.com/products/syn-skin-syn-shield-oil-free-sun-screen-cream-gel-spf50-28026,لطفا موجود کنید ,0,true,2024-06-15T09:29:43+00:00,خنثی,0.35,محصول,محصول
ژل کرم ضد آفتاب مدل SPF50 Oil Free مناسب پوست چرب,https://www.khanoumi.com/products/syn-skin-syn-shield-oil-free-sun-screen-cream-gel-spf50-28026,چند ساله دارم استفاده میکنم و خیلی راضی هستم اصلا روی پوست اب نمیشه و سریع جذب میشه ,0,true,2024-06-15T09:25:54+00:00,مثبت,0.79,محصول | اصل بودن کالا,محصول
ژل کرم ضد آفتاب مدل SPF50 Oil Free مناسب پوست چرب,https://www.khanoumi.com/products/syn-skin-syn-shield-oil-free-sun-screen-cream-gel-spf50-28026,میشه لطفا دوباره موجود کنین,0,false,2024-06-13T20:11:34+00:00,خنثی,0.35,محصول,محصول
ژل کرم ضد آفتاب مدل SPF50 Oil Free مناسب پوست چرب,https://www.khanoumi.com/products/syn-skin-syn-shield-oil-free-sun-screen-cream-gel-spf50-28026,چندبار تمدیدش کردم واقعا سبک و عالیه ,0,true,2024-06-13T16:24:08+00:00,مثبت,0.79,سایر,سایر
ژل کرم ضد آفتاب مدل SPF50 Oil Free مناسب پوست چرب,https://www.khanoumi.com/products/syn-skin-syn-shield-oil-free-sun-screen-cream-gel-spf50-28026,این محصول کی شارژ میشه میخوام سبد خریدمو تکمیل کنم,0,false,2024-06-13T15:50:21+00:00,منفی,0.67,محصول,محصول
ژل کرم ضد آفتاب مدل SPF50 Oil Free مناسب پوست چرب,https://www.khanoumi.com/products/syn-skin-syn-shield-oil-free-sun-screen-cream-gel-spf50-28026,زودتر موجودش کنید لطفا,0,true,2024-06-13T14:26:19+00:00,خنثی,0.35,محصول,محصول
ژل کرم ضد آفتاب مدل SPF50 Oil Free مناسب پوست چرب,https://www.khanoumi.com/products/syn-skin-syn-shield-oil-free-sun-screen-cream-gel-spf50-28026,لطفا تا تو جشنواره هستید مجدد موجود کنید,0,true,2024-06-13T14:02:25+00:00,خنثی,0.35,محصول,محصول
ژل کرم ضد آفتاب مدل SPF50 Oil Free مناسب پوست چرب,https://www.khanoumi.com/products/syn-skin-syn-shield-oil-free-sun-screen-cream-gel-spf50-28026,این ضدآفتاب فوق العاده سبکه و اصلا حس چربی و سنگینی نمی ده ،خیلی خوب و سریع جذب میشه،سومین بار شارژ کردم,0,true,2024-06-12T20:07:11+00:00,خنثی,0.35,اصل بودن کالا,اصل بودن کالا
ژل کرم ضد آفتاب مدل SPF50 Oil Free مناسب پوست چرب,https://www.khanoumi.com/products/syn-skin-syn-shield-oil-free-sun-screen-cream-gel-spf50-28026,من سوین باره دارم شارژش می کنم. خیلی سبکه  و خو ب جذب میشه. یعنی مثل کرم مای و... نیست که عین خمیر بچشبه رو پوستت و تو احساس خفگی بهت دست بده. ,0,true,2024-06-11T14:14:20+00:00,منفی,0.79,محصول,محصول
ژل کرم ضد آفتاب مدل SPF50 Oil Free مناسب پوست چرب,https://www.khanoumi.com/products/syn-skin-syn-shield-oil-free-sun-screen-cream-gel-spf50-28026,واسه پوست چرب که عالیه,0,true,2024-06-10T00:46:46+00:00,مثبت,0.79,محصول,محصول
ژل کرم ضد آفتاب مدل SPF50 Oil Free مناسب پوست چرب,https://www.khanoumi.com/products/syn-skin-syn-shield-oil-free-sun-screen-cream-gel-spf50-28026,"عالی بود ممنون از سایت خانمی 
لطفا یه تخفیف خوب بزارید دوباره خرید کنم",0,true,2024-06-09T23:00:20+00:00,مثبت,0.95,محصول | قیمت,محصول
ژل کرم ضد آفتاب مدل SPF50 Oil Free مناسب پوست چرب,https://www.khanoumi.com/products/syn-skin-syn-shield-oil-free-sun-screen-cream-gel-spf50-28026,"این کرم از لحاظ سبکی و زود جوب شدن فوق العاده
پیشنهاد میکنم حتما امتحانش کنید",0,true,2024-06-09T17:11:59+00:00,مثبت,0.91,محصول,محصول
ژل کرم ضد آفتاب مدل SPF50 Oil Free مناسب پوست چرب,https://www.khanoumi.com/products/syn-skin-syn-shield-oil-free-sun-screen-cream-gel-spf50-28026,خیلی عالی بود قبلا فقط ژنوبایوتیک می گرفتم چون فقط به پوست مستعد جوش من اون سازگار بود ولی فکر کنم خاصیت این محصول خیلی بیشتره کاملا احساس ضد افتاب رو میگیرم بدون جوش و عالی,0,true,2024-06-09T16:45:12+00:00,ترکیبی,0.87,محصول,محصول
ژل کرم ضد آفتاب مدل SPF50 Oil Free مناسب پوست چرب,https://www.khanoumi.com/products/syn-skin-syn-shield-oil-free-sun-screen-cream-gel-spf50-28026,محصول بسیار عالی هست وپیشنهاد دکتر متخصص پوست بود برا من وکاملا راضی هستم امیدوارم  ضدافتاب لایت بژ فاقد چربیش همیشه موجود داشته باشید منتظرش هستم,0,false,2024-06-09T16:23:48+00:00,مثبت,0.91,محصول,محصول
ژل کرم ضد آفتاب مدل SPF50 Oil Free مناسب پوست چرب,https://www.khanoumi.com/products/syn-skin-syn-shield-oil-free-sun-screen-cream-gel-spf50-28026,"چرب نیست 
رد سفیدی به جا نمیذاره  
روی پوست خیلی براق نیست
بعد از استفاده پوست رو خنک میکنه ولی اگر جایی زخم باشه پوست رو می سوزونه، احتمالا الکل داره
نکته منفی اینکه حدود یک ساعت بعد استفاده توی دهان مزه تلخی ایجاد می کنه ",0,true,2024-06-09T15:31:41+00:00,خنثی,0.35,محصول,محصول
ژل کرم ضد آفتاب مدل SPF50 Oil Free مناسب پوست چرب,https://www.khanoumi.com/products/syn-skin-syn-shield-oil-free-sun-screen-cream-gel-spf50-28026,یه ضدآفتاب عالی سبک و زودجذب بدون رد سفیدی و چربی,0,true,2024-06-09T15:13:06+00:00,ترکیبی,0.66,سایر,سایر
ژل کرم ضد آفتاب مدل SPF50 Oil Free مناسب پوست چرب,https://www.khanoumi.com/products/syn-skin-syn-shield-oil-free-sun-screen-cream-gel-spf50-28026,ضد افتاب بسیار خوب و سبکی هست، زود جذبه و رد سفیدی نداره من خیلی دوستش داشتم و محافظت بسیار خوبی در برابر انواع اشعه دارم ,0,true,2024-06-09T14:41:34+00:00,مثبت,0.79,سایر,سایر
ژل کرم ضد آفتاب مدل SPF50 Oil Free مناسب پوست چرب,https://www.khanoumi.com/products/syn-skin-syn-shield-oil-free-sun-screen-cream-gel-spf50-28026,بی رنگشو استفاده میکنم راضیم ,0,false,2024-06-09T14:38:12+00:00,مثبت,0.79,محصول,محصول
ژل کرم ضد آفتاب مدل SPF50 Oil Free مناسب پوست چرب,https://www.khanoumi.com/products/syn-skin-syn-shield-oil-free-sun-screen-cream-gel-spf50-28026,"رد سفیدی نداره و سبکه اما چون توی ترکیباتش پلی سوربات داره برای پوست های مستعد جوش زیر پوستی و آکنه قارچی مناسب نیست
من جوش زیر پوستیم بیشتر شد باهاش",0,true,2024-06-09T14:37:27+00:00,خنثی,0.35,محصول,محصول
ژل کرم ضد آفتاب مدل SPF50 Oil Free مناسب پوست چرب,https://www.khanoumi.com/products/syn-skin-syn-shield-oil-free-sun-screen-cream-gel-spf50-28026,بار سوم هست که این ضد آفتاب رو شارژ میکنم. بافت سبک و رد سفیدی بجای نمیذاره. ,0,true,2024-06-09T14:22:46+00:00,خنثی,0.35,محصول,محصول
ژل کرم ضد آفتاب مدل SPF50 Oil Free مناسب پوست چرب,https://www.khanoumi.com/products/syn-skin-syn-shield-oil-free-sun-screen-cream-gel-spf50-28026,من پوست مختلط و رو به چربی دارم. 2 سال هست که از این ضد آفتاب استفاده میکنم. ژلی هست و به شدت زود جذب میشه و اصلا سفیدی روی پوست نمیذاره. و باعث جوش و .... نمیشه.حجمش هم عالیِ. پیشنهاد میکنم که حتما امتحان کیند.,0,true,2024-06-09T14:17:01+00:00,مثبت,0.95,محصول | اصل بودن کالا,محصول
ژل کرم ضد آفتاب مدل SPF50 Oil Free مناسب پوست چرب,https://www.khanoumi.com/products/syn-skin-syn-shield-oil-free-sun-screen-cream-gel-spf50-28026,خیلی سریع جذب میشه و سبکه . بو نداره.,0,true,2024-06-09T14:15:12+00:00,خنثی,0.35,محصول,محصول
ژل کرم ضد آفتاب مدل SPF50 Oil Free مناسب پوست چرب,https://www.khanoumi.com/products/syn-skin-syn-shield-oil-free-sun-screen-cream-gel-spf50-28026,من مدتهاست این محصول رو به توصیه پزشک پوستم خریدم و استفاده میکنم و واقعا ازش راضیم، درمورد پارابنش هم پزشک گفتن که مقدارش آنقدر کمه که مهم نیس و مشکلی نداره ، خیلی خوبه زود جذب میشه و سبکه و رد سفیدی نداره اصلا بیشتر از 3 ساله که فقط همین محصول رو میخرم و استفاده میکنم و برای منی که پوستم چربه هیچ مشکلی ایجاد نکرد ,0,true,2024-06-09T14:13:31+00:00,منفی,0.67,محصول | اصل بودن کالا,اصل بودن کالا
ژل کرم ضد آفتاب مدل SPF50 Oil Free مناسب پوست چرب,https://www.khanoumi.com/products/syn-skin-syn-shield-oil-free-sun-screen-cream-gel-spf50-28026,"برای پوست هایی که چربه جوش میزنه
این محصول عالیه واقعا",0,true,2024-06-09T14:08:12+00:00,مثبت,0.79,محصول,محصول
ژل کرم ضد آفتاب مدل SPF50 Oil Free مناسب پوست چرب,https://www.khanoumi.com/products/syn-skin-syn-shield-oil-free-sun-screen-cream-gel-spf50-28026,من بیرنگش را استفاده کردم ،با اینکه دور چشمهام نمیزنمش ولی وقتی حتی روی پیشونیم میزنم هم چشمهام را میسوزونه و تا وقتی نشورمش سوزش چشم ادامه داره و قابل تحمل نیست ,0,true,2024-06-09T14:03:31+00:00,خنثی,0.35,محصول,محصول
ژل کرم ضد آفتاب مدل SPF50 Oil Free مناسب پوست چرب,https://www.khanoumi.com/products/syn-skin-syn-shield-oil-free-sun-screen-cream-gel-spf50-28026,از نظر کیفیت رنگ و جذب پوست شدن عالیه ,0,true,2024-06-09T14:02:55+00:00,مثبت,0.79,محصول,محصول
ژل کرم ضد آفتاب مدل SPF50 Oil Free مناسب پوست چرب,https://www.khanoumi.com/products/syn-skin-syn-shield-oil-free-sun-screen-cream-gel-spf50-28026,فوق العاده است .بافت سبک جذب سریع .من خیلی دوسش دارم واقعا,0,true,2024-06-09T13:58:06+00:00,مثبت,0.67,محصول,محصول
ژل کرم ضد آفتاب مدل SPF50 Oil Free مناسب پوست چرب,https://www.khanoumi.com/products/syn-skin-syn-shield-oil-free-sun-screen-cream-gel-spf50-28026,بی رنگشو همیشه صد وخورده ای بود چندتایی میخریدم زود جذب میشه کمی زیر پوستی میزنم فقط ولی بافتش عالیه دهنم کمی تلخ میکنه سبک بودنشو خیلی دوست دارم ,0,true,2024-06-09T13:57:32+00:00,مثبت,0.79,محصول,محصول
ژل کرم ضد آفتاب مدل SPF50 Oil Free مناسب پوست چرب,https://www.khanoumi.com/products/syn-skin-syn-shield-oil-free-sun-screen-cream-gel-spf50-28026,"واقعا عالیه ،پوستو مخملی و صاف میکنه
من واقعا راضیم",0,true,2024-06-09T13:57:30+00:00,مثبت,0.95,محصول,محصول
ژل کرم ضد آفتاب مدل SPF50 Oil Free مناسب پوست چرب,https://www.khanoumi.com/products/syn-skin-syn-shield-oil-free-sun-screen-cream-gel-spf50-28026,"سبک و زود جذب
بدون رد سفیدی
عالیه تکرارش میکنم",0,true,2024-06-09T13:56:48+00:00,ترکیبی,0.74,سایر,سایر
ژل کرم ضد آفتاب مدل SPF50 Oil Free مناسب پوست چرب,https://www.khanoumi.com/products/syn-skin-syn-shield-oil-free-sun-screen-cream-gel-spf50-28026,من استفاده کردم راضی بودم بافت سبکی داره ,0,true,2024-06-09T13:56:04+00:00,مثبت,0.67,محصول,محصول
ژل کرم ضد آفتاب مدل SPF50 Oil Free مناسب پوست چرب,https://www.khanoumi.com/products/syn-skin-syn-shield-oil-free-sun-screen-cream-gel-spf50-28026,ضدآفتاب خیلی خوبیه برای پوست های چرب عالیه من که خیلی راضیم، مات و اصلا سفیدی نداره,0,true,2024-06-09T13:55:18+00:00,مثبت,0.95,محصول | اصل بودن کالا,محصول
ژل کرم ضد آفتاب مدل SPF50 Oil Free مناسب پوست چرب,https://www.khanoumi.com/products/syn-skin-syn-shield-oil-free-sun-screen-cream-gel-spf50-28026,همین که روی صورت کاملا ماته و حتی تو گرما برق نمی افته عالیه. من حتی خیلی زیاد هم ازش میزنم خیلی سبکه. اصلا احساس سنگینی نداره. مجدد تمدیدش میکنم,0,true,2024-06-09T13:54:06+00:00,منفی,0.67,اصل بودن کالا,اصل بودن کالا
ژل کرم ضد آفتاب مدل SPF50 Oil Free مناسب پوست چرب,https://www.khanoumi.com/products/syn-skin-syn-shield-oil-free-sun-screen-cream-gel-spf50-28026,من از ضدآفتابای دیگه ای مثل دکترژیلا وژیناژن استفاده میکردم ولی عیبی که داشت این بود بعد چنددقیقه که دست میکشیدم روصورتم ضدآفتاب پیل میشد ولی این ضدآفتاب یه خوبیتی که داره اینکه پیل نمیشه وهمین باعث شد ازش خوشم بیاد,0,true,2024-06-09T13:53:09+00:00,مثبت,0.67,محصول,محصول
ژل کرم ضد آفتاب مدل SPF50 Oil Free مناسب پوست چرب,https://www.khanoumi.com/products/syn-skin-syn-shield-oil-free-sun-screen-cream-gel-spf50-28026,خوبه ولی حیف که پارابن داره ,0,true,2024-06-06T19:20:29+00:00,مثبت,0.79,سایر,سایر
ژل کرم ضد آفتاب مدل SPF50 Oil Free مناسب پوست چرب,https://www.khanoumi.com/products/syn-skin-syn-shield-oil-free-sun-screen-cream-gel-spf50-28026,لطفا روی این محصول تخفیف بزارید سبد خریدم کامله منتظر این ضدآفتابم,0,true,2024-06-05T10:47:09+00:00,منفی,0.67,محصول | قیمت,محصول
ژل کرم ضد آفتاب مدل SPF50 Oil Free مناسب پوست چرب,https://www.khanoumi.com/products/syn-skin-syn-shield-oil-free-sun-screen-cream-gel-spf50-28026,منی که هیییچ ضد آفتابی به پوستم نمیسازه و از ضدآفتاب فراری بودم بخاطر چربی و جوش دکترم اینو تجویز کرد الان عاشق ضدافتابم همه ازم میپرسم با پوستت چیکار کردی آنقدر خوب شده روشن شده لک هامو برده و لطیف کرده برای بار سوم خریدم عااالیه,0,true,2024-06-04T18:25:59+00:00,مثبت,0.67,محصول,محصول
ژل کرم ضد آفتاب مدل SPF50 Oil Free مناسب پوست چرب,https://www.khanoumi.com/products/syn-skin-syn-shield-oil-free-sun-screen-cream-gel-spf50-28026,از لحاظ جذب و سبکی عالیه تنها عیبش اینه وقتی اب به صورتت برسه چشاتو میسوزونه,0,true,2024-06-04T12:48:35+00:00,مثبت,0.79,سایر,سایر
ژل کرم ضد آفتاب مدل SPF50 Oil Free مناسب پوست چرب,https://www.khanoumi.com/products/syn-skin-syn-shield-oil-free-sun-screen-cream-gel-spf50-28026,بی رنگش رو گرفتم چشمم میسوزه,0,true,2024-06-02T13:36:02+00:00,خنثی,0.35,محصول,محصول
ژل کرم ضد آفتاب مدل SPF50 Oil Free مناسب پوست چرب,https://www.khanoumi.com/products/syn-skin-syn-shield-oil-free-sun-screen-cream-gel-spf50-28026,سبک و بسیار زود جذب و اثر چربی ندلره برا همین برای شارژ بیرون از خونه عالیه فقط حیف که پاربن داره کاش سازندگانش پاراچنار را حذف میکردن,0,true,2024-06-02T11:45:29+00:00,مثبت,0.79,محصول,محصول
ژل کرم ضد آفتاب مدل SPF50 Oil Free مناسب پوست چرب,https://www.khanoumi.com/products/syn-skin-syn-shield-oil-free-sun-screen-cream-gel-spf50-28026,بی رنگش رو گرفتم. بوی خیلی کمی داره. چشم رو نمیسوزونه و رد سفیدی نمیزاره و سریع جذب میشه. ,0,false,2024-05-29T14:30:18+00:00,خنثی,0.35,محصول,محصول
ژل کرم ضد آفتاب مدل SPF50 Oil Free مناسب پوست چرب,https://www.khanoumi.com/products/syn-skin-syn-shield-oil-free-sun-screen-cream-gel-spf50-28026,رنگ لایت رو موجود کنید لطفا,0,true,2024-05-25T21:11:14+00:00,خنثی,0.35,محصول,محصول
ژل کرم ضد آفتاب مدل SPF50 Oil Free مناسب پوست چرب,https://www.khanoumi.com/products/syn-skin-syn-shield-oil-free-sun-screen-cream-gel-spf50-28026,عالیه لطفاااااا تخفیفشو بیشتر کنید,0,true,2024-05-24T22:28:56+00:00,مثبت,0.79,قیمت,قیمت
ژل کرم ضد آفتاب مدل SPF50 Oil Free مناسب پوست چرب,https://www.khanoumi.com/products/syn-skin-syn-shield-oil-free-sun-screen-cream-gel-spf50-28026,خیلی خوبه خیلی سبکه ، رد سفیدی روی پوست نمیمونه و حالت مات داره . لطفا تخفیفش رو بیشتر کنید ,0,true,2024-05-24T16:30:43+00:00,مثبت,0.91,محصول | قیمت,محصول
ژل کرم ضد آفتاب مدل SPF50 Oil Free مناسب پوست چرب,https://www.khanoumi.com/products/syn-skin-syn-shield-oil-free-sun-screen-cream-gel-spf50-28026,"سبکه و زودجذبه رد سفیدی نداره یکمم ابرسانی میکنه پوستو 
اما بعد از استفاده ی طعم تلخی تا مدتها توی دهان حس میشه
برا همین دیگه سارژش نمیکنم",0,true,2024-05-22T12:04:24+00:00,خنثی,0.35,محصول,محصول
ژل کرم ضد آفتاب مدل SPF50 Oil Free مناسب پوست چرب,https://www.khanoumi.com/products/syn-skin-syn-shield-oil-free-sun-screen-cream-gel-spf50-28026,بسیار سبکه رد سفیدی نمیندازه بوی خوبی داره بعد استفاده روی پوست حالت مخملی پیدا میکنه حیف که نمیتونم استفاده کنم چون بعد استفاده تا ساعت ها توی دهنم مزه تلخی احساس میکنم متاسفانه واسه همین یه ستاره کم میدم و شارژش نمیکنم,0,true,2024-05-18T01:44:08+00:00,ترکیبی,0.66,محصول,محصول
ژل کرم ضد آفتاب مدل SPF50 Oil Free مناسب پوست چرب,https://www.khanoumi.com/products/syn-skin-syn-shield-oil-free-sun-screen-cream-gel-spf50-28026,هیچوقت توی تخفیف رنگ لایتش موجود نیست چرا؟,0,true,2024-05-10T01:21:39+00:00,خنثی,0.35,محصول | قیمت,محصول
ژل کرم ضد آفتاب مدل SPF50 Oil Free مناسب پوست چرب,https://www.khanoumi.com/products/syn-skin-syn-shield-oil-free-sun-screen-cream-gel-spf50-28026,لطفا تخفیفش رو تا روز دختر بیشتر کنید تا سبدمو کامل کنم,0,false,2024-05-04T12:56:52+00:00,منفی,0.67,محصول | قیمت,محصول
ژل کرم ضد آفتاب مدل SPF50 Oil Free مناسب پوست چرب,https://www.khanoumi.com/products/syn-skin-syn-shield-oil-free-sun-screen-cream-gel-spf50-28026,ضد افتاب خیلی خوبیه و رو پوستم مات میشه . تنها مشکلم این بود که بهش حساسیت داشتم ,0,false,2024-05-03T11:42:47+00:00,مثبت,0.79,محصول,محصول
ژل کرم ضد آفتاب مدل SPF50 Oil Free مناسب پوست چرب,https://www.khanoumi.com/products/syn-skin-syn-shield-oil-free-sun-screen-cream-gel-spf50-28026,این کرم تو ترکیباتش انواع اقسام ترکیبات پارابن داره! باعث اختلالات هورمونی میشه پارابن . و تو یه عده باعث لک شده. توصیه نمیکنم.,0,true,2024-05-02T12:27:00+00:00,منفی,0.67,محصول,محصول
ژل کرم ضد آفتاب مدل SPF50 Oil Free مناسب پوست چرب,https://www.khanoumi.com/products/syn-skin-syn-shield-oil-free-sun-screen-cream-gel-spf50-28026,والا من خیلی راضی ام، کاملا سبک، بی رنک اصلا ذره ای چربی نداره,0,true,2024-05-01T02:23:04+00:00,مثبت,0.91,اصل بودن کالا,اصل بودن کالا
ژل کرم ضد آفتاب مدل SPF50 Oil Free مناسب پوست چرب,https://www.khanoumi.com/products/syn-skin-syn-shield-oil-free-sun-screen-cream-gel-spf50-28026,"بژ تیره و بدون رنگ رو دارم 
هرچی بگم کم گفتم عالیع",0,true,2024-04-30T09:37:38+00:00,ترکیبی,0.66,محصول,محصول
ژل کرم ضد آفتاب مدل SPF50 Oil Free مناسب پوست چرب,https://www.khanoumi.com/products/syn-skin-syn-shield-oil-free-sun-screen-cream-gel-spf50-28026,"بد نبود 
اصلا مات نیست صورتم بعد از زدنش برق میزد",0,false,2024-04-25T19:29:27+00:00,خنثی,0.4,محصول | اصل بودن کالا,محصول
ژل کرم ضد آفتاب مدل SPF50 Oil Free مناسب پوست چرب,https://www.khanoumi.com/products/syn-skin-syn-shield-oil-free-sun-screen-cream-gel-spf50-28026,اولین محصول ازش راضی بودم بخاطر همین تموم نشده دومی سفارش دادم.اصلا بیرنگ نیست، مات که هیچ کاملا براقه،کمی چربه و برای من فید کردنش زمان بره.پروتکت نداره و از تغییر رنگ بر اثر آفتاب جلوگیری نمیکنه. هرچی از زمان استفادش میگذره براقتر میشه. شاید برای پوست نسبتا چرب وهوای گرم مناسب نیست. ,0,true,2024-04-24T19:52:15+00:00,خنثی,0.35,محصول | اصل بودن کالا,محصول
ژل کرم ضد آفتاب مدل SPF50 Oil Free مناسب پوست چرب,https://www.khanoumi.com/products/syn-skin-syn-shield-oil-free-sun-screen-cream-gel-spf50-28026,من برای بار دوم شارژ کردم سبک و ماته قیمتشم که خوبه ,0,true,2024-04-22T23:50:57+00:00,مثبت,0.79,قیمت,قیمت
ژل کرم ضد آفتاب مدل SPF50 Oil Free مناسب پوست چرب,https://www.khanoumi.com/products/syn-skin-syn-shield-oil-free-sun-screen-cream-gel-spf50-28026,لطفا روی بی رنگش هم تخفیف بزنید خریدمو تکمیل کنم,0,true,2024-04-18T15:19:17+00:00,خنثی,0.35,محصول | قیمت,محصول
ژل کرم ضد آفتاب مدل SPF50 Oil Free مناسب پوست چرب,https://www.khanoumi.com/products/syn-skin-syn-shield-oil-free-sun-screen-cream-gel-spf50-28026,من با توجه،به نظر دوستان خریدم.کسانی که میگن،چرب نیست وماتِ،پس ضدآفتاب لافارر،رو امتحان نکردن،این ضدآفتاب،معمولیه،و اصلا به سبکی و مات بودن و کیفیت لافاررنمیرسه.بافتش که اصلا،ژل نیست.کمی سنگین و،نسبتا چرب هست,0,true,2024-04-18T13:05:04+00:00,خنثی,0.35,محصول | اصل بودن کالا,محصول
ژل کرم ضد آفتاب مدل SPF50 Oil Free مناسب پوست چرب,https://www.khanoumi.com/products/syn-skin-syn-shield-oil-free-sun-screen-cream-gel-spf50-28026,پوستم مختلطه و خیلی راضیم ازش. سه چهار بار تمدیدش کردم. اولش یکم برق میندازه اما بعد یکی دو دقیقه مات میشه. سبکه و نمی ماسه. فقط قیمتش روز به روز داره بالا میره.,0,true,2024-04-18T00:15:22+00:00,مثبت,0.79,محصول | قیمت,محصول
ژل کرم ضد آفتاب مدل SPF50 Oil Free مناسب پوست چرب,https://www.khanoumi.com/products/syn-skin-syn-shield-oil-free-sun-screen-cream-gel-spf50-28026,"من پوست چرب و مستعد جوش دارم 
این تنها ضد افتابی بود که پوستم رو برق نمیندازه و باعث جوش نشده و واقعا راضیم ازش",0,true,2024-04-12T15:24:33+00:00,مثبت,0.79,محصول,محصول
ژل کرم ضد آفتاب مدل SPF50 Oil Free مناسب پوست چرب,https://www.khanoumi.com/products/syn-skin-syn-shield-oil-free-sun-screen-cream-gel-spf50-28026,روی پوست چربی میندازه و رد سفیدی نداره واسه پوست چرب مناسب نیست,0,true,2024-04-08T10:26:03+00:00,خنثی,0.35,محصول,محصول
ژل کرم ضد آفتاب مدل SPF50 Oil Free مناسب پوست چرب,https://www.khanoumi.com/products/syn-skin-syn-shield-oil-free-sun-screen-cream-gel-spf50-28026,اصلا خوب نیست وقتی استفاده می کنی انگار صورتت خیسه و با اینکه دور چشم نمی زنم چشمم رو می سوزونه. برخلاف اینکه برای پوستای چرب خیلی صورت رو چرب می کنه ,0,false,2024-04-05T22:13:03+00:00,منفی,0.79,محصول | اصل بودن کالا,اصل بودن کالا
ژل کرم ضد آفتاب مدل SPF50 Oil Free مناسب پوست چرب,https://www.khanoumi.com/products/syn-skin-syn-shield-oil-free-sun-screen-cream-gel-spf50-28026,استفادش کردم نمیشه گفت چربه ولی اصلا جذب نمیشد و روی پوستم میمونه؛ انگار که پوستت خیسه،و با اینکه دور چشمم نمیزدم به شدت باعث سوزش چشمام میشد،اشکمو درمیاورد.ولی باعث جوش و دونه چربی و اینچیزا اصلا نشد.امادرکل راضی نبودم,0,false,2024-04-03T16:52:23+00:00,منفی,0.91,محصول | اصل بودن کالا,اصل بودن کالا
ژل کرم ضد آفتاب مدل SPF50 Oil Free مناسب پوست چرب,https://www.khanoumi.com/products/syn-skin-syn-shield-oil-free-sun-screen-cream-gel-spf50-28026,ضدآفتاب خوبی هست. روی پوست سنگین نیست و زود جذب میشه. رد سفیدی نمیندازه. من پوست مختلطی دارم و بعد چند ساعت استفاده از ضدآفتاب های مختلف که امتحان کردم، تی زون صورتم به شدت چرب میشه اما این مدل به نسبت بقیه مدل کمتر باعث چرب شدن و برق انداختن صورت میشه,0,false,2024-04-03T11:54:19+00:00,مثبت,0.67,محصول,محصول
ژل کرم ضد آفتاب مدل SPF50 Oil Free مناسب پوست چرب,https://www.khanoumi.com/products/syn-skin-syn-shield-oil-free-sun-screen-cream-gel-spf50-28026,این کرم واقعا عالیه .سریع جذب میشه و به هیچ عنوان پوست رو چرب نمیکنه.من که عاشقش شدم,0,true,2024-04-03T01:14:41+00:00,مثبت,0.79,محصول,محصول
ژل کرم ضد آفتاب مدل SPF50 Oil Free مناسب پوست چرب,https://www.khanoumi.com/products/syn-skin-syn-shield-oil-free-sun-screen-cream-gel-spf50-28026,لطفا تخفیف 50 درصد بزارید بتونیم بخریم,0,false,2024-03-22T10:38:37+00:00,خنثی,0.35,قیمت,قیمت
ژل کرم ضد آفتاب مدل SPF50 Oil Free مناسب پوست چرب,https://www.khanoumi.com/products/syn-skin-syn-shield-oil-free-sun-screen-cream-gel-spf50-28026,"چقدر زود تخفیف این برند رو کم کردید 
لطفا مجدد اعمال تخفیف 50درصد بزنید ",0,true,2024-03-21T20:09:14+00:00,خنثی,0.35,قیمت,قیمت
ژل کرم ضد آفتاب مدل SPF50 Oil Free مناسب پوست چرب,https://www.khanoumi.com/products/syn-skin-syn-shield-oil-free-sun-screen-cream-gel-spf50-28026,من خیلی وقته از این محصول استفاده میکنم واسم عجیب بود نظرات که میگن پوست رو چرب میکنه نه ردی میندازه نه چرب میکنه خیلی خوب جذب میشه,0,true,2024-03-07T12:11:03+00:00,مثبت,0.79,محصول,محصول
ژل کرم ضد آفتاب مدل SPF50 Oil Free مناسب پوست چرب,https://www.khanoumi.com/products/syn-skin-syn-shield-oil-free-sun-screen-cream-gel-spf50-28026,پوست من به شدت با کوچکترین چربی کرمی جوش میزنه یا حساس میشه ، این ضد افتاب رو دکتر برام نوشت به جرعت اولین ضد افتابی بود که تمام آیتم های یه محصول عالی رو داره برابری میکنه با ضد افتاب ایزیدین و کلینیک من انقدر دوسش داشتم دوهفته ای تمومش کردم پوستم روشن کرده و اصلا سنگینی و چربی  نداره به شدت برای پوست های مستعد جوش و چرب توصییه میشه,0,true,2024-03-06T09:44:23+00:00,مثبت,0.79,محصول | اصل بودن کالا,محصول
ژل کرم ضد آفتاب مدل SPF50 Oil Free مناسب پوست چرب,https://www.khanoumi.com/products/syn-skin-syn-shield-oil-free-sun-screen-cream-gel-spf50-28026,لطفا تخفیف بیشتر بزارین ,0,true,2024-02-24T15:52:23+00:00,خنثی,0.35,قیمت,قیمت
ژل کرم ضد آفتاب مدل SPF50 Oil Free مناسب پوست چرب,https://www.khanoumi.com/products/syn-skin-syn-shield-oil-free-sun-screen-cream-gel-spf50-28026,بافتش سبکه ولی اینکه پوست رو برق میندازه برای من خیلی آزاردهنده ست چون پوست چرب خودش برق میفته دیگه اینم تشدیدش میکنه و جالب نیست و دوسش نداشتم. با آبرسان ساین اسکین هم همین مشکل رو داشتم حس چربی میداد به پوست,0,true,2024-02-18T15:41:32+00:00,خنثی,0.35,محصول,محصول
ژل کرم ضد آفتاب مدل SPF50 Oil Free مناسب پوست چرب,https://www.khanoumi.com/products/syn-skin-syn-shield-oil-free-sun-screen-cream-gel-spf50-28026,بد نبود اما صورت رو برق مینداخت,0,true,2024-02-17T11:20:58+00:00,مثبت,0.67,محصول,محصول
ژل کرم ضد آفتاب مدل SPF50 Oil Free مناسب پوست چرب,https://www.khanoumi.com/products/syn-skin-syn-shield-oil-free-sun-screen-cream-gel-spf50-28026,رنگ نداشت ولی صورتمو برق مینداخت,0,false,2024-02-13T22:34:11+00:00,خنثی,0.35,محصول,محصول
ژل کرم ضد آفتاب مدل SPF50 Oil Free مناسب پوست چرب,https://www.khanoumi.com/products/syn-skin-syn-shield-oil-free-sun-screen-cream-gel-spf50-28026,قابل قبوله، واسه استفاده روزانه خوبه، من پوستم چربه، این ضد افتاب خوبی بود.,0,true,2024-02-12T00:58:24+00:00,مثبت,0.91,محصول,محصول
ژل کرم ضد آفتاب مدل SPF50 Oil Free مناسب پوست چرب,https://www.khanoumi.com/products/syn-skin-syn-shield-oil-free-sun-screen-cream-gel-spf50-28026,من واقعا از این ضد آفتاب بیشتر از هر ضد آفتاب دیگه ای که استفاده کردم راضیم خیلی سبکه و زود جذب میشه بدون باقی گذاشتن لک سفید. در ضمن با اینکه پوست من چرب و مستعد آکنه است ولی جوشامو تشدید نکرد.,0,true,2024-02-02T18:37:48+00:00,ترکیبی,0.79,محصول,محصول
ژل کرم ضد آفتاب مدل SPF50 Oil Free مناسب پوست چرب,https://www.khanoumi.com/products/syn-skin-syn-shield-oil-free-sun-screen-cream-gel-spf50-28026,این محصول برا من واقعا خوب بود و سریع جذب شد و رد سفیدی هم نذاشت اصلا,0,true,2023-12-31T10:52:36+00:00,مثبت,0.91,محصول | اصل بودن کالا,محصول
ژل کرم ضد آفتاب مدل SPF50 Oil Free مناسب پوست چرب,https://www.khanoumi.com/products/syn-skin-syn-shield-oil-free-sun-screen-cream-gel-spf50-28026,پوست رو چرب نمیکنه اما الزاما مات هم نمیکنه، من روی ابرسان لافارر پوسن چرب که پوست رو مات میکنه میزنم راضیم، زود هم جذب میشه. باید تست کنید ببینید به پوستتون میخوره یا نه ,0,true,2023-12-09T20:09:32+00:00,مثبت,0.79,محصول,محصول
ژل کرم ضد آفتاب مدل SPF50 Oil Free مناسب پوست چرب,https://www.khanoumi.com/products/syn-skin-syn-shield-oil-free-sun-screen-cream-gel-spf50-28026,"دکتر این کرم و بهم معرفی کرد و من واقعا ازش راضی هستم، عالیه
نه پوست و چرب می کنه
نه رد سفیدی می مونه",0,true,2023-12-03T17:05:34+00:00,مثبت,0.91,محصول,محصول
ژل کرم ضد آفتاب مدل SPF50 Oil Free مناسب پوست چرب,https://www.khanoumi.com/products/syn-skin-syn-shield-oil-free-sun-screen-cream-gel-spf50-28026,به نظرم برای پوست چرب انتخاب بسیار عالیه خیلی زود جذبه پوستو چرب نمیکنه ولی روی پوست مات نیس و کمی براقیت به پوست میده تنها عیبشم بخوام بگم بوی کمی تندش هست که باعث سوزش چشم میشه برای من همیشه انتخاب اول هستش,0,true,2023-12-03T16:34:38+00:00,مثبت,0.79,محصول,محصول
ژل کرم ضد آفتاب مدل SPF50 Oil Free مناسب پوست چرب,https://www.khanoumi.com/products/syn-skin-syn-shield-oil-free-sun-screen-cream-gel-spf50-28026,خیلی عالیه ,0,true,2023-12-01T12:20:48+00:00,مثبت,0.79,سایر,سایر
شامپو مو ذغال سنگ 250 میل,https://www.khanoumi.com/products/energy-cosmetics-coal-tar-shampoo-250ml-28256,واقعا راضی بودم از این شامپو چون به مرور موهامو تقویت کرد و خارش و شوره های سرم کاهش داد.,0,false,2023-01-01T14:02:16+00:00,مثبت,0.67,محصول,محصول
حالت دهنده مو آرگان 300 میل,https://www.khanoumi.com/products/energy-cosmetics-argan-oil-leave-in-conditioner-300ml-28260,خیلی خوبه من واقعا راضیم,5,true,2021-07-12T15:49:17+00:00,مثبت,0.95,سایر,سایر
ژل کرم ضد آفتاب مدل SPF50 Oil Free مناسب پوست چرب,https://www.khanoumi.com/products/syn-skin-syn-shield-oil-free-sun-screen-cream-gel-spf50-28026,من خوشم نیومد ازش، من پوستم چربه ،هم چرب بود برام هم جوش زدم باهاش,0,false,2023-12-01T10:47:19+00:00,خنثی,0.35,محصول,محصول
ژل کرم ضد آفتاب مدل SPF50 Oil Free مناسب پوست چرب,https://www.khanoumi.com/products/syn-skin-syn-shield-oil-free-sun-screen-cream-gel-spf50-28026,سبک وزودجذبه ولی چشم رو میسوزونهه اطراف چشم میزنی حس سوزش داخل شم داری,0,true,2023-11-29T00:45:55+00:00,خنثی,0.35,سایر,سایر
ژل کرم ضد آفتاب مدل SPF50 Oil Free مناسب پوست چرب,https://www.khanoumi.com/products/syn-skin-syn-shield-oil-free-sun-screen-cream-gel-spf50-28026,من پوستم به شدت چربه و میتونم بگم بعد از استفاده از این ضدآفتاب اصلا پوستم چرب نشد و کاملا جذب شد و رد سفیدی نذاشت . ,0,true,2023-11-26T15:29:25+00:00,مثبت,0.67,محصول | اصل بودن کالا,محصول
ژل کرم ضد آفتاب مدل SPF50 Oil Free مناسب پوست چرب,https://www.khanoumi.com/products/syn-skin-syn-shield-oil-free-sun-screen-cream-gel-spf50-28026,سبکه و زود جذب اما یه کم برق رو داره که از نظر من که پوستم رو به چربه قابل تحمل بود،تنها بدیش اینه اگه تو چشم بره اتفاقی،میسوزونه خیلی بد طوری که اشک از چشم جاری میشه،وگرنه کارایی خودش رو داره و باعث جوش نمیشه و از لک هم جلوگیری کرده،یک ساله میزنم.,1,false,2023-11-24T22:18:06+00:00,منفی,0.79,محصول,محصول
ژل کرم ضد آفتاب مدل SPF50 Oil Free مناسب پوست چرب,https://www.khanoumi.com/products/syn-skin-syn-shield-oil-free-sun-screen-cream-gel-spf50-28026,به عنوان کسی که پوستش چربه و منافذ بازی داره میگم که 5 دقیقه بعد از زدنش صورتتون جوری خیس و چربه که دستمال لازمه,1,true,2023-11-23T02:08:14+00:00,خنثی,0.35,محصول,محصول
ژل کرم ضد آفتاب مدل SPF50 Oil Free مناسب پوست چرب,https://www.khanoumi.com/products/syn-skin-syn-shield-oil-free-sun-screen-cream-gel-spf50-28026,عالیه,0,true,2023-11-12T17:52:04+00:00,مثبت,0.79,سایر,سایر
ژل کرم ضد آفتاب مدل SPF50 Oil Free مناسب پوست چرب,https://www.khanoumi.com/products/syn-skin-syn-shield-oil-free-sun-screen-cream-gel-spf50-28026,عالی و بی نقص ،سبک و زودجذب میشه ,0,true,2023-11-06T17:47:56+00:00,مثبت,0.67,سایر,سایر
ژل کرم ضد آفتاب مدل SPF50 Oil Free مناسب پوست چرب,https://www.khanoumi.com/products/syn-skin-syn-shield-oil-free-sun-screen-cream-gel-spf50-28026,دوستان حتی اگه پوست خشکی هم دارین این ضد آفتاب مناسب نیست چون با اینکه زده اویل فری ولی واقعا بعد از استفاده دقیقا تا موقعی ک پاکش کنین چربه صورت واقعا به درد نمیخورد ,0,true,2023-11-04T00:42:19+00:00,خنثی,0.35,محصول,محصول
ژل کرم ضد آفتاب مدل SPF50 Oil Free مناسب پوست چرب,https://www.khanoumi.com/products/syn-skin-syn-shield-oil-free-sun-screen-cream-gel-spf50-28026,خیلی چربه، صورتم چربه بعد از استفاده ازش پر جوش زیر پوستی شد,2,true,2023-11-02T23:22:01+00:00,خنثی,0.35,محصول,محصول
ژل کرم ضد آفتاب مدل SPF50 Oil Free مناسب پوست چرب,https://www.khanoumi.com/products/syn-skin-syn-shield-oil-free-sun-screen-cream-gel-spf50-28026,"خیلی خوبه برای پوست من ک چربه یکم برق میندازه ولی روش پودر فیکس میزنم اوکی میشه، لطفا دوباره تخفیف 50 درصدی 🙏بزارین  
",1,true,2023-11-02T05:24:35+00:00,ترکیبی,0.87,محصول | اصل بودن کالا | قیمت,محصول
ژل کرم ضد آفتاب مدل SPF50 Oil Free مناسب پوست چرب,https://www.khanoumi.com/products/syn-skin-syn-shield-oil-free-sun-screen-cream-gel-spf50-28026,لطفا بزارید تو تخفیف,0,false,2023-10-30T17:57:49+00:00,خنثی,0.35,قیمت,قیمت
ژل کرم ضد آفتاب مدل SPF50 Oil Free مناسب پوست چرب,https://www.khanoumi.com/products/syn-skin-syn-shield-oil-free-sun-screen-cream-gel-spf50-28026,"اصلا رد سفیدی نمیندازه _
بافت ژلی داره و از این بابت عالیه _
بعد 2 و 3 ساعت  یه برقی میوفته روی پوست _
دور چشم نمیشه زد چون  اشک میزنه چشم _ 
_ ضد آفتاب خیلی خوبیه من چندین بار شارژش کردم و قیمت خیلی خوبی هم داره   
",0,true,2023-10-29T17:22:26+00:00,مثبت,0.95,محصول | اصل بودن کالا | قیمت,محصول
ژل کرم ضد آفتاب مدل SPF50 Oil Free مناسب پوست چرب,https://www.khanoumi.com/products/syn-skin-syn-shield-oil-free-sun-screen-cream-gel-spf50-28026,بهترین ضدآفتابی هست که تا الان داشتم، بافت سبک داره و زود جذبه و اصلا رد سفیدی نمیذاره، برای پوست چرب عالیه👌🏻👌🏻,2,true,2023-10-20T18:43:54+00:00,مثبت,0.95,محصول | اصل بودن کالا,محصول
ژل کرم ضد آفتاب مدل SPF50 Oil Free مناسب پوست چرب,https://www.khanoumi.com/products/syn-skin-syn-shield-oil-free-sun-screen-cream-gel-spf50-28026,دوست عزیزی که پرسیده بود تاریخ انقضاش کی هست من شهریور خریدمش و مال من تاریخ انقضاش تا 2026 هست,0,true,2023-10-19T10:54:10+00:00,خنثی,0.35,محصول | تحویل و ارسال,محصول
ژل کرم ضد آفتاب مدل SPF50 Oil Free مناسب پوست چرب,https://www.khanoumi.com/products/syn-skin-syn-shield-oil-free-sun-screen-cream-gel-spf50-28026,"من پوستم خشکه 
ولی از چرب بودن ضدآفتاب بدم میاد به نظرتون این ضدآفتاب مناسبه برام؟",17,false,2023-10-10T23:17:54+00:00,منفی,0.67,محصول,محصول
ژل کرم ضد آفتاب مدل SPF50 Oil Free مناسب پوست چرب,https://www.khanoumi.com/products/syn-skin-syn-shield-oil-free-sun-screen-cream-gel-spf50-28026,من این ضد آفتاب رو اشتباهی سفارش دادم و پوستم خشکه اما ازش چندباری که استفاده کردم با اینکه برای پوست چرب بود خیلی با پوست خشک من سازگار بود بنظرم ضد آفتاب خوبیه ,1,true,2023-10-10T22:40:32+00:00,مثبت,0.67,محصول,محصول
ژل کرم ضد آفتاب مدل SPF50 Oil Free مناسب پوست چرب,https://www.khanoumi.com/products/syn-skin-syn-shield-oil-free-sun-screen-cream-gel-spf50-28026,"برای منی که پوست چرب ومستعد آکنه دارم یکی از  بهترینهاست✅💯 و اصلا باعث جوش و برق افتادن نـمیشه. من خیلی دوستش دارم💜 ـــ
فقط قیمتش هر روز داره میره بالاتر",2,true,2023-10-10T21:36:58+00:00,مثبت,0.79,محصول | اصل بودن کالا | قیمت,محصول
ژل کرم ضد آفتاب مدل SPF50 Oil Free مناسب پوست چرب,https://www.khanoumi.com/products/syn-skin-syn-shield-oil-free-sun-screen-cream-gel-spf50-28026,برای پوست چرب گزینه عالی ه,0,true,2023-10-10T01:02:20+00:00,مثبت,0.67,محصول,محصول
ژل کرم ضد آفتاب مدل SPF50 Oil Free مناسب پوست چرب,https://www.khanoumi.com/products/syn-skin-syn-shield-oil-free-sun-screen-cream-gel-spf50-28026," برام جایگزین ضدآفتاب امولسیون اَون شده . چند ساله ازش استفاده میکنم  و خیلی راضی ام. سبک و زود جذبه، رد سفید 
 نمی اندازه ",1,true,2023-10-10T00:54:43+00:00,مثبت,0.79,محصول,محصول
ژل کرم ضد آفتاب مدل SPF50 Oil Free مناسب پوست چرب,https://www.khanoumi.com/products/syn-skin-syn-shield-oil-free-sun-screen-cream-gel-spf50-28026,"سلام ممنون میشم یه تخفیف خوب بزارید قیمتش نسبت به قبل خیلی خیلی زیاد شده. 
ضد آفتاب خیلی خوبی است 
ممنونم ",1,true,2023-10-09T18:43:56+00:00,مثبت,0.95,قیمت,قیمت
ژل کرم ضد آفتاب مدل SPF50 Oil Free مناسب پوست چرب,https://www.khanoumi.com/products/syn-skin-syn-shield-oil-free-sun-screen-cream-gel-spf50-28026,برای پوست خشک مناسب نیست,2,false,2023-10-06T00:24:05+00:00,خنثی,0.35,محصول,محصول
ژل کرم ضد آفتاب مدل SPF50 Oil Free مناسب پوست چرب,https://www.khanoumi.com/products/syn-skin-syn-shield-oil-free-sun-screen-cream-gel-spf50-28026,سبکه رد سفیدی نمیذاره، ولی مشکلش اینکه برق میندازه,7,true,2023-10-05T13:17:18+00:00,خنثی,0.35,سایر,سایر
ژل کرم ضد آفتاب مدل SPF50 Oil Free مناسب پوست چرب,https://www.khanoumi.com/products/syn-skin-syn-shield-oil-free-sun-screen-cream-gel-spf50-28026,برای استفاده روزانه خیلی مناسبه، حجم خوبی هم داره،من دوباره میخوام سفارش بدم,4,true,2023-10-05T10:13:22+00:00,ترکیبی,0.66,محصول,محصول
ژل کرم ضد آفتاب مدل SPF50 Oil Free مناسب پوست چرب,https://www.khanoumi.com/products/syn-skin-syn-shield-oil-free-sun-screen-cream-gel-spf50-28026,"سلام.من خریدمش.
تنها مشکلی ک داره صورتو برق میندازه متاسفانه",4,true,2023-10-04T14:53:34+00:00,منفی,0.67,سایر,سایر
ژل کرم ضد آفتاب مدل SPF50 Oil Free مناسب پوست چرب,https://www.khanoumi.com/products/syn-skin-syn-shield-oil-free-sun-screen-cream-gel-spf50-28026,"ضدافتاب سبکیه بدون رد سفیدی زود جذب پوست میشه برای پنجمین بار شارژش کردمو 
واقعا راضیم",3,true,2023-10-04T00:23:34+00:00,ترکیبی,0.74,محصول,محصول
ژل کرم ضد آفتاب مدل SPF50 Oil Free مناسب پوست چرب,https://www.khanoumi.com/products/syn-skin-syn-shield-oil-free-sun-screen-cream-gel-spf50-28026,ضدآفتاب خوبیه من که پوستم چرب و جوشدار بود باعث جوش نشد ,4,true,2023-10-03T14:17:01+00:00,مثبت,0.67,محصول,محصول
ژل کرم ضد آفتاب مدل SPF50 Oil Free مناسب پوست چرب,https://www.khanoumi.com/products/syn-skin-syn-shield-oil-free-sun-screen-cream-gel-spf50-28026,خیلی ضدآفتاب خوبیه خیلیی ازش راضیم من دوبار  شارژش کردم اولین ضدآفتابی بود که باعث شد جای جوش هام بره اصلا هم برق نمیندازه فقط همون لحظه ای که میزنی بعد درست میشه,1,true,2023-10-02T02:06:56+00:00,مثبت,0.79,محصول | اصل بودن کالا,محصول
ژل کرم ضد آفتاب مدل SPF50 Oil Free مناسب پوست چرب,https://www.khanoumi.com/products/syn-skin-syn-shield-oil-free-sun-screen-cream-gel-spf50-28026,"خیلی ضدآفتاب خوبیه، هم سریع جذب میشه و هم خیلی سبکه.
فقط اگر پوستتون خشکه قبلش نیاز به مرطوب کننده داره چون این ضد آفتاب خیلی خاصیت مرطوب کنندگی نداره.
در رابطه با بوش هم یک بوی خاصی داره که شبیه کرم های قدیمی مادربزرگاست اما من چون شخصا این بو رو دوست داشتم باهاش مشکلی نداشتم بعلاوه فقط همون ساعت اول بوش حس میشه.",2,true,2023-09-28T10:26:36+00:00,مثبت,0.79,محصول,محصول
ژل کرم ضد آفتاب مدل SPF50 Oil Free مناسب پوست چرب,https://www.khanoumi.com/products/syn-skin-syn-shield-oil-free-sun-screen-cream-gel-spf50-28026,"سلام به همگی
من از این استفاده کردم
پوستم چربه
ضد آفتاب خوبیه چون ژل کرمه و چربی نداره
اماااااا اگه مثل من به محصولات عطری حساسیت دارید این به دردتون نمیخوره
من باهاش جوشای ریز زدم ب خاطر عطری بودنش",1,false,2023-09-24T14:12:35+00:00,مثبت,0.67,محصول,محصول
ژل کرم ضد آفتاب مدل SPF50 Oil Free مناسب پوست چرب,https://www.khanoumi.com/products/syn-skin-syn-shield-oil-free-sun-screen-cream-gel-spf50-28026, رو پوستم برق میندازه ,5,true,2023-09-23T12:21:46+00:00,خنثی,0.35,محصول,محصول
ژل کرم ضد آفتاب مدل SPF50 Oil Free مناسب پوست چرب,https://www.khanoumi.com/products/syn-skin-syn-shield-oil-free-sun-screen-cream-gel-spf50-28026,میشه اکه کسی اینو از خانومی گرفته بگه انقضاش تا چه مدتیه,5,false,2023-09-22T13:48:04+00:00,خنثی,0.35,سایر,سایر
ژل کرم ضد آفتاب مدل SPF50 Oil Free مناسب پوست چرب,https://www.khanoumi.com/products/syn-skin-syn-shield-oil-free-sun-screen-cream-gel-spf50-28026,اول از همه که اکتینوکسات داره و ترکیبیه که اگه نباشه خیلی بهتره و ضرر داره، یبار استفاده کردم و خیلی خوبه نه رد سفیدی نه چیزی. فقط اینکه خیلی زود جذب نمیشه و حالت مرطوبی به پوست میده که خودم ترجیح میدم پوستم خشک باشه شاید یکی دیگه خوشش بیاد.,2,true,2023-09-20T11:56:20+00:00,مثبت,0.91,محصول,محصول
ژل کرم ضد آفتاب مدل SPF50 Oil Free مناسب پوست چرب,https://www.khanoumi.com/products/syn-skin-syn-shield-oil-free-sun-screen-cream-gel-spf50-28026,"من همین امروز خریدمش زدم برا اولین بار چرب نیس خوبه رد سفیدیم نداره بوشم خیلی دوس دارم خیلیا گفتن عطریه ولی 
ا عطری نیس یه بوی ملایمی داره",2,false,2023-09-17T16:40:12+00:00,مثبت,0.79,محصول,محصول
ژل کرم ضد آفتاب مدل SPF50 Oil Free مناسب پوست چرب,https://www.khanoumi.com/products/syn-skin-syn-shield-oil-free-sun-screen-cream-gel-spf50-28026, بعدی که لافارر گرون شد این و خریدم وای محشره سریع یکی دیگه از داروخانه خریدم من حتی توی مسافرتم بجای مرطوب کننده استفاده کرد,0,false,2023-09-16T16:01:14+00:00,خنثی,0.35,قیمت,قیمت
ژل کرم ضد آفتاب مدل SPF50 Oil Free مناسب پوست چرب,https://www.khanoumi.com/products/syn-skin-syn-shield-oil-free-sun-screen-cream-gel-spf50-28026,بهترین ضد افتاب خیلی راضی ام همسبکه هم رو پوست عرق نمیکنه,1,true,2023-09-11T20:13:50+00:00,مثبت,0.91,محصول,محصول
ژل کرم ضد آفتاب مدل SPF50 Oil Free مناسب پوست چرب,https://www.khanoumi.com/products/syn-skin-syn-shield-oil-free-sun-screen-cream-gel-spf50-28026,خیلی سبکه،زود جذب میشه، از جوش زدن جلوگیری میکنه، بوی خوبی داره، بسته بندی شیکی داره. من به توصیه پزشک تهیه کردم واسه صورتم که پوست چربی داره و واقعا راضیم. ,2,true,2023-09-09T15:38:12+00:00,مثبت,0.95,محصول | تحویل و ارسال,محصول
ژل کرم ضد آفتاب مدل SPF50 Oil Free مناسب پوست چرب,https://www.khanoumi.com/products/syn-skin-syn-shield-oil-free-sun-screen-cream-gel-spf50-28026,"این ضدآفتاب برای پوستهای چرب عالیه,اولین ضدآفتابیه که پوست منوچرب نکرد وزودجذب شد عالیه برای پوستای چرب پیشنهادمیکنم پوستای چرب استفاده کنن",2,true,2023-09-03T21:26:24+00:00,مثبت,0.95,محصول,محصول
ژل کرم ضد آفتاب مدل SPF50 Oil Free مناسب پوست چرب,https://www.khanoumi.com/products/syn-skin-syn-shield-oil-free-sun-screen-cream-gel-spf50-28026,سلام ممکن زودتر موجودش کنید من منتظر همین یه قلمم که سفارشم رو ثبت کنم مرسی از سایت خوب خانومی,0,true,2023-08-29T12:16:22+00:00,مثبت,0.79,محصول,محصول
ژل کرم ضد آفتاب مدل SPF50 Oil Free مناسب پوست چرب,https://www.khanoumi.com/products/syn-skin-syn-shield-oil-free-sun-screen-cream-gel-spf50-28026,خیلییی خوبه ، سبک و زود جذبه و رد سفیدی نداره ، البته من پوستم چربه و یک ساعت بعد یه کم پوستم براق میشه ولی در کل خیلی راضیام ، جوش هم نزدم ,3,true,2023-08-27T11:10:29+00:00,مثبت,0.91,محصول,محصول
ژل کرم ضد آفتاب مدل SPF50 Oil Free مناسب پوست چرب,https://www.khanoumi.com/products/syn-skin-syn-shield-oil-free-sun-screen-cream-gel-spf50-28026,عالی ،هم بی رنگه واقعا، هم فاقد چربی اصلا رد سفیدی جا نمیزاره,0,true,2023-08-26T14:00:19+00:00,مثبت,0.79,محصول | اصل بودن کالا,محصول
ژل کرم ضد آفتاب مدل SPF50 Oil Free مناسب پوست چرب,https://www.khanoumi.com/products/syn-skin-syn-shield-oil-free-sun-screen-cream-gel-spf50-28026,ضد افتاب خیلی خوبیه زود جذبه باهاش جوش نمیزنین به خوبی هم محافظت میکنه یه برق دلنشینی هم به پوست میده با بافت سبک عالی ,1,true,2023-08-24T14:14:13+00:00,مثبت,0.79,محصول,محصول
ژل کرم ضد آفتاب مدل SPF50 Oil Free مناسب پوست چرب,https://www.khanoumi.com/products/syn-skin-syn-shield-oil-free-sun-screen-cream-gel-spf50-28026,لطفا تخفیفش رو بیشتر کنید ,7,true,2023-08-24T11:32:19+00:00,خنثی,0.35,قیمت,قیمت
ژل کرم ضد آفتاب مدل SPF50 Oil Free مناسب پوست چرب,https://www.khanoumi.com/products/syn-skin-syn-shield-oil-free-sun-screen-cream-gel-spf50-28026,ضدافتاب خوبیع بافت سبکی داره زود جذب میشه رد سفیدی هم نداره چربمم نیست,1,true,2023-08-20T21:57:36+00:00,مثبت,0.67,محصول,محصول
ژل کرم ضد آفتاب مدل SPF50 Oil Free مناسب پوست چرب,https://www.khanoumi.com/products/syn-skin-syn-shield-oil-free-sun-screen-cream-gel-spf50-28026,با توجه به نظر کاربران خریدم سبک و ملایم اما عطر بدی داره من نتونستم به خاطر بو ازش استفاده کنم ,3,true,2023-08-17T12:24:49+00:00,منفی,0.67,محصول,محصول
ژل کرم ضد آفتاب مدل SPF50 Oil Free مناسب پوست چرب,https://www.khanoumi.com/products/syn-skin-syn-shield-oil-free-sun-screen-cream-gel-spf50-28026,بهترین ضدآفتاب دنیا😁😍😍😍😍😍,1,true,2023-08-16T10:59:02+00:00,مثبت,0.67,سایر,سایر
ژل کرم ضد آفتاب مدل SPF50 Oil Free مناسب پوست چرب,https://www.khanoumi.com/products/syn-skin-syn-shield-oil-free-sun-screen-cream-gel-spf50-28026,خیلی ضد آفتاب سبک هست چشم نمی سوزه سردرد هم نمیگیری فقط یکم عطری ,4,true,2023-08-14T19:18:05+00:00,خنثی,0.35,محصول,محصول
ژل کرم ضد آفتاب مدل SPF50 Oil Free مناسب پوست چرب,https://www.khanoumi.com/products/syn-skin-syn-shield-oil-free-sun-screen-cream-gel-spf50-28026,"عالیییییی من پوستم خیلی حساسه و کک و مک کهنه داره  دائما"" محصولات مراقبتی استفاده میکنم  یکساله فقط از این ضد آفتاب 
 استفاده میکنم شدیدابابت خریدش پیشنهاد میدن  ",2,true,2023-08-13T10:19:02+00:00,مثبت,0.79,محصول,محصول
ژل کرم ضد آفتاب مدل SPF50 Oil Free مناسب پوست چرب,https://www.khanoumi.com/products/syn-skin-syn-shield-oil-free-sun-screen-cream-gel-spf50-28026,عالیه...من پوستم چرب هستش...این سومین باره که میخرمش...ممنون از خانومی بابت تخفیفاتش,2,true,2023-08-12T16:03:04+00:00,مثبت,0.91,محصول | قیمت,محصول
ژل کرم ضد آفتاب مدل SPF50 Oil Free مناسب پوست چرب,https://www.khanoumi.com/products/syn-skin-syn-shield-oil-free-sun-screen-cream-gel-spf50-28026,چقدررر این ضدآفتابو دوس دارم😍سبکههه.. من پوستم مختلطه.. اولش برق میندازه ولی سریع جذب میشه,3,true,2023-08-11T16:10:05+00:00,خنثی,0.35,محصول,محصول
ژل کرم ضد آفتاب مدل SPF50 Oil Free مناسب پوست چرب,https://www.khanoumi.com/products/syn-skin-syn-shield-oil-free-sun-screen-cream-gel-spf50-28026,سبک و زود جذب رد سفیدی هم انچنان نمیزاره باهاش جوش نمیزنی ولی ضد تعریق نیست,3,false,2023-08-10T18:14:27+00:00,خنثی,0.35,سایر,سایر
ژل کرم ضد آفتاب مدل SPF50 Oil Free مناسب پوست چرب,https://www.khanoumi.com/products/syn-skin-syn-shield-oil-free-sun-screen-cream-gel-spf50-28026,برای اولین بار ازاین ضدآفتاب سفارش دادم طبق نظر دوستانی ک پوست چرب مستعد جوش دارن و راضی بودن . فووووق العاده عالی بود. امروز میخوام برای مامانم سفارش بدم. عاشقش شدم . بدون رد سفیدی.بدون چربی . سبک . مات .بوی ملایم. جذب زود. همیشه تخفیف های 50درصد بذارین تا همه بتونیم استفاده کنیم. خانومی خیییلی خانومی 🙄🌷🌷🌷,7,true,2023-08-10T12:33:08+00:00,ترکیبی,0.92,محصول | قیمت,محصول
ژل کرم ضد آفتاب مدل SPF50 Oil Free مناسب پوست چرب,https://www.khanoumi.com/products/syn-skin-syn-shield-oil-free-sun-screen-cream-gel-spf50-28026,ضدافتاب خیلی خوبیه رد سفیدی نمیذاره جذب عالی و بافت سبکی داره ,2,true,2023-08-10T01:02:43+00:00,مثبت,0.67,محصول,محصول
ژل کرم ضد آفتاب مدل SPF50 Oil Free مناسب پوست چرب,https://www.khanoumi.com/products/syn-skin-syn-shield-oil-free-sun-screen-cream-gel-spf50-28026,تازه امروز به دستم رسیده.خواهرم استفاده میکرده راضیه,2,true,2023-08-09T11:36:29+00:00,مثبت,0.67,تحویل و ارسال,تحویل و ارسال
ژل کرم ضد آفتاب مدل SPF50 Oil Free مناسب پوست چرب,https://www.khanoumi.com/products/syn-skin-syn-shield-oil-free-sun-screen-cream-gel-spf50-28026,رد سفیدی نمیندازه ولی خیلی خیلی صورتو برق میندازه،خیلیم سخت جذب پوست میشه,6,true,2023-08-08T21:12:29+00:00,خنثی,0.35,محصول,محصول
ژل کرم ضد آفتاب مدل SPF50 Oil Free مناسب پوست چرب,https://www.khanoumi.com/products/syn-skin-syn-shield-oil-free-sun-screen-cream-gel-spf50-28026,خیلی خوبه عالیه هرچی بگم کم گفتم از خوبیاش. زود جذب میشه. رد سفیدی نمیزاره. چرب نیست. بنظرم قیمتش زیاده. میخاستم دوباره بخرم ولی نتونستم ,5,true,2023-08-06T15:16:49+00:00,مثبت,0.95,قیمت,قیمت
ژل کرم ضد آفتاب مدل SPF50 Oil Free مناسب پوست چرب,https://www.khanoumi.com/products/syn-skin-syn-shield-oil-free-sun-screen-cream-gel-spf50-28026,من خیلی ازین ضد آفتاب راضیم. بسیار سبک و لایته. راحت پخش میشه. غلیظ نیست. فکر کنم بر پایه آب هست. صورت عرق نمیکنه.پوست رو سنگین و چرب نمیکنه. در مقایسه با نوع گران قیمت تر بنظرم کفایت لازم و داره. ,3,true,2023-08-06T00:21:37+00:00,مثبت,0.79,قیمت | محصول,قیمت
ژل کرم ضد آفتاب مدل SPF50 Oil Free مناسب پوست چرب,https://www.khanoumi.com/products/syn-skin-syn-shield-oil-free-sun-screen-cream-gel-spf50-28026,عالیه,2,true,2023-08-01T14:24:57+00:00,مثبت,0.79,سایر,سایر
ژل کرم ضد آفتاب مدل SPF50 Oil Free مناسب پوست چرب,https://www.khanoumi.com/products/syn-skin-syn-shield-oil-free-sun-screen-cream-gel-spf50-28026,"واقعا عالی هستش این ضدافتاب من پوستم مختلط رو ب چربه و ضد افتاب های زیادی امتحان کردم و این فوق العادست سبک و بدون چربی و سنگینی روی پوست.
 و چند باره تکرارش میکنم ",3,true,2023-07-25T09:51:57+00:00,ترکیبی,0.66,محصول,محصول
ژل کرم ضد آفتاب مدل SPF50 Oil Free مناسب پوست چرب,https://www.khanoumi.com/products/syn-skin-syn-shield-oil-free-sun-screen-cream-gel-spf50-28026,عالی خیلی سبک و خط سفید نمیندازه برای ورزش محشره,2,true,2023-07-20T19:29:15+00:00,مثبت,0.67,سایر,سایر
ژل کرم ضد آفتاب مدل SPF50 Oil Free مناسب پوست چرب,https://www.khanoumi.com/products/syn-skin-syn-shield-oil-free-sun-screen-cream-gel-spf50-28026,من بینهایت راضیم ،صورت رو برق نمیندازه ،سنگین نیست و زود جذب میشه و لک سفید و اینا هم نداره من دوباره شارژش کردم و همه اطرافیانم هم سفارشش دادن و راضی بودن❤️,4,true,2023-07-15T14:20:22+00:00,مثبت,0.91,محصول,محصول
ژل کرم ضد آفتاب مدل SPF50 Oil Free مناسب پوست چرب,https://www.khanoumi.com/products/syn-skin-syn-shield-oil-free-sun-screen-cream-gel-spf50-28026,این ضد افتاب رد سفیدی نمیزاره ولی برا من یکمی پوستمو چرب میکنه و برق میندازه بافتش سبکه و راحت روی پوست پخش میشه در کل من چون معمولا روش کرم پودر مات میزنم اوکیم باهاش ,2,true,2023-07-13T03:56:56+00:00,خنثی,0.35,محصول,محصول
ژل کرم ضد آفتاب مدل SPF50 Oil Free مناسب پوست چرب,https://www.khanoumi.com/products/syn-skin-syn-shield-oil-free-sun-screen-cream-gel-spf50-28026,کیفیت بالایی داره اصلا رد سفیدی نمیزاره خیلی سبکه الان که هوا گرمه مثل بعضی از ضد آفتاب ها آدم عرق نمیکنه ,9,true,2023-07-06T20:11:29+00:00,مثبت,0.67,محصول | اصل بودن کالا,محصول
ژل کرم ضد آفتاب مدل SPF50 Oil Free مناسب پوست چرب,https://www.khanoumi.com/products/syn-skin-syn-shield-oil-free-sun-screen-cream-gel-spf50-28026,لطفا تا جشنواره تموم نشده شارژ کنید بتونم خریدمو کامل کنممم.           ممنون.                         ,6,false,2023-06-19T22:00:33+00:00,مثبت,0.67,محصول,محصول
ژل کرم ضد آفتاب مدل SPF50 Oil Free مناسب پوست چرب,https://www.khanoumi.com/products/syn-skin-syn-shield-oil-free-sun-screen-cream-gel-spf50-28026,من از این ضد آفتاب استفاده کردم از خانومی خریدم. عالیه زود جذب میشه. رد نمیمونه جوش نمیزنین. . خلاصه که خیلی خوب بود.این دفعه ضد افتاب رومینا گرفتم با اینکه برای پوست چرب نوشته ولی خیلی چرب میکنه پوستو. اصلا راضی نبودم. ,8,true,2023-06-19T10:57:25+00:00,مثبت,0.91,محصول | اصل بودن کالا,محصول
ژل کرم ضد آفتاب مدل SPF50 Oil Free مناسب پوست چرب,https://www.khanoumi.com/products/syn-skin-syn-shield-oil-free-sun-screen-cream-gel-spf50-28026,چندین بار تمدید کردم و خیلی راضی ام ,5,true,2023-06-16T00:16:03+00:00,مثبت,0.79,سایر,سایر
ژل کرم ضد آفتاب مدل SPF50 Oil Free مناسب پوست چرب,https://www.khanoumi.com/products/syn-skin-syn-shield-oil-free-sun-screen-cream-gel-spf50-28026,پوست صورت من چربه این ضد افتاب خیلی خوب روی پوست من قرار گرفت و رد سفیدی نگذاشت . ,7,true,2023-06-14T12:40:03+00:00,مثبت,0.79,محصول,محصول
ژل کرم ضد آفتاب مدل SPF50 Oil Free مناسب پوست چرب,https://www.khanoumi.com/products/syn-skin-syn-shield-oil-free-sun-screen-cream-gel-spf50-28026,جالبه من حتی پوست چربی ندارم ولی وقتی از این ضد آفتاب استفاده میکنم پنجاه لایه روغن تولید میکنه تا وقتیکه بشورم! ولی رد سفیدی نداره...,12,true,2023-06-11T20:33:25+00:00,خنثی,0.35,محصول,محصول
ژل کرم ضد آفتاب مدل SPF50 Oil Free مناسب پوست چرب,https://www.khanoumi.com/products/syn-skin-syn-shield-oil-free-sun-screen-cream-gel-spf50-28026,خیلی ضد آفتاب خوبیه فوق العاده سبک و با پوشش دهی عالی,4,true,2023-06-11T00:41:18+00:00,مثبت,0.91,محصول,محصول
ژل کرم ضد آفتاب مدل SPF50 Oil Free مناسب پوست چرب,https://www.khanoumi.com/products/syn-skin-syn-shield-oil-free-sun-screen-cream-gel-spf50-28026,خوبه و رد سفیدی نمیذاره,5,true,2023-05-14T09:14:35+00:00,مثبت,0.79,سایر,سایر
ژل کرم ضد آفتاب مدل SPF50 Oil Free مناسب پوست چرب,https://www.khanoumi.com/products/syn-skin-syn-shield-oil-free-sun-screen-cream-gel-spf50-28026,من بعد یک ماه استفاده دارم نظر میدم پوستم مختلط هست وقتی استفاده میکردم خیلی روپوستم خوب بود و برق نیوفتاد ولی تازه فهمیدم خیلی باعث جوش زیر پوستی شده ، یعنی صورتم پر جوش زیرپوستی شده!!!,21,true,2023-05-06T11:09:46+00:00,مثبت,0.79,محصول,محصول
ژل کرم ضد آفتاب مدل SPF50 Oil Free مناسب پوست چرب,https://www.khanoumi.com/products/syn-skin-syn-shield-oil-free-sun-screen-cream-gel-spf50-28026,ضد افتاب خیلی خیلی خوبیه نه برق میندازه نه رد سفیدی میزاره ، راحت جذب میشه و اصلا باعث جوش برا من نشد ، بازم تمدید میکنم👌🏻,14,true,2023-05-01T15:58:44+00:00,مثبت,0.91,اصل بودن کالا,اصل بودن کالا
ژل کرم ضد آفتاب مدل SPF50 Oil Free مناسب پوست چرب,https://www.khanoumi.com/products/syn-skin-syn-shield-oil-free-sun-screen-cream-gel-spf50-28026,"من پوست صورتم چربه و با کرمهای ضدآفتاب های قبلیم جوش میزدم ـ این ضدآفتاب برای پوست چرب عالیه
جوش نزدم ، چرب نشد صورتم ، میتونم بگم 98% صورت و برق نـمیندازه😍💜
یکی از بهترینهاست👍",7,true,2023-04-30T13:11:56+00:00,مثبت,0.91,محصول,محصول
ژل کرم ضد آفتاب مدل SPF50 Oil Free مناسب پوست چرب,https://www.khanoumi.com/products/syn-skin-syn-shield-oil-free-sun-screen-cream-gel-spf50-28026,لطفا همممممه ی ضدآفتاباتون رو توو شانس وتخفیف 50 درصد بذارید خرید کنیم,32,true,2023-04-18T02:55:24+00:00,خنثی,0.35,قیمت,قیمت
ژل کرم ضد آفتاب مدل SPF50 Oil Free مناسب پوست چرب,https://www.khanoumi.com/products/syn-skin-syn-shield-oil-free-sun-screen-cream-gel-spf50-28026,من از این ضد آفتاب استفاده کردن و چون سبک نبود جوش های زیر پوستی زدم پوستمم چرب هست. ,14,true,2023-04-14T20:55:40+00:00,خنثی,0.35,محصول,محصول
ژل کرم ضد آفتاب مدل SPF50 Oil Free مناسب پوست چرب,https://www.khanoumi.com/products/syn-skin-syn-shield-oil-free-sun-screen-cream-gel-spf50-28026,ضدآفتاب خوبیه؛ اولش تا بیاد جذب شه صورت رو یکم براق میکنه اما بعد رفع میشه عطریه اما بوش اذیت کننده نیست؛رد سفیدی نمیندازه/ نسبتا زود جذب میشه نسبتا سبک هستش.اما ترجیح میدادم یکم مات تر می بود,9,true,2023-04-13T17:39:19+00:00,مثبت,0.67,محصول,محصول
ژل کرم ضد آفتاب مدل SPF50 Oil Free مناسب پوست چرب,https://www.khanoumi.com/products/syn-skin-syn-shield-oil-free-sun-screen-cream-gel-spf50-28026,"من پوستم چربه 
کرم خوبیه و واقعا بعد جذب بیرنگه من خیلی راضیم 
من جند تا ازمخصولات یاین اسکینو گرفتم راضی بودم ازهمش",6,false,2023-04-11T11:13:44+00:00,مثبت,0.95,محصول,محصول
ژل کرم ضد آفتاب مدل SPF50 Oil Free مناسب پوست چرب,https://www.khanoumi.com/products/syn-skin-syn-shield-oil-free-sun-screen-cream-gel-spf50-28026,سلام ضدآفتاب خوبیه ولی من چشام خیلی باهاش سوخت,22,true,2023-04-09T11:50:16+00:00,مثبت,0.67,سایر,سایر
ژل کرم ضد آفتاب مدل SPF50 Oil Free مناسب پوست چرب,https://www.khanoumi.com/products/syn-skin-syn-shield-oil-free-sun-screen-cream-gel-spf50-28026,با این کرم به زیرپوستی سلام بگین .من پوستم چربه کاملا روی پوست براقه برقش از بین نمیره. وقتی اکسید میشه چشم رو میسوزونه در حد کورشدن .من بعد دوهفته منافذ صورتم مسدود شد و باعث جوش چرکی شد الان برای پشت دستام استفاده میکنم,29,true,2023-04-04T19:05:08+00:00,خنثی,0.35,محصول,محصول
ژل کرم ضد آفتاب مدل SPF50 Oil Free مناسب پوست چرب,https://www.khanoumi.com/products/syn-skin-syn-shield-oil-free-sun-screen-cream-gel-spf50-28026,مناسبه پوست چربه بافت سبک و آبکی داره کامل مات نیس یکم حالت براق داره،عطریه,4,true,2023-03-29T15:36:58+00:00,خنثی,0.35,محصول,محصول
ژل کرم ضد آفتاب مدل SPF50 Oil Free مناسب پوست چرب,https://www.khanoumi.com/products/syn-skin-syn-shield-oil-free-sun-screen-cream-gel-spf50-28026,این ضد افتاب عالیه حتی من که با باد هوا جوش میزنم و جوش زیرپوستی هم دارم این اصلا باعث جوش نشد 😁❤ سبک و زود جذبو عالیه اصلا در خریدش شک نکنید ,6,true,2023-03-28T17:25:57+00:00,مثبت,0.95,محصول | اصل بودن کالا,محصول
ژل کرم ضد آفتاب مدل SPF50 Oil Free مناسب پوست چرب,https://www.khanoumi.com/products/syn-skin-syn-shield-oil-free-sun-screen-cream-gel-spf50-28026,این کرم فوق العادست عاشقشم,5,true,2023-03-27T22:33:49+00:00,مثبت,0.67,محصول,محصول
ژل کرم ضد آفتاب مدل SPF50 Oil Free مناسب پوست چرب,https://www.khanoumi.com/products/syn-skin-syn-shield-oil-free-sun-screen-cream-gel-spf50-28026,این ضدافتاب خیلی خوبه ، خیلی سبکه رو صورت ، زود جذب میشه ، رد سفیدی و چربی نمیزاره ، فقط من بعد از استفاده ازش ، بعد حدود 4 ساعت ، سوزش چشم میگیرم ، یا وقتی میخوام از صورتم بشورمش اگه بره تو چشمم خیلی میسوزه ، به غیر این مورد ، عالیه,24,true,2023-03-13T17:15:25+00:00,مثبت,0.95,محصول,محصول
ژل کرم ضد آفتاب مدل SPF50 Oil Free مناسب پوست چرب,https://www.khanoumi.com/products/syn-skin-syn-shield-oil-free-sun-screen-cream-gel-spf50-28026,دیروز دستم رسید متاسفانه پارابن داره اگه میدونستم سفارش نمیدادم برای سلامتی خطرناکه ,24,true,2023-03-04T15:52:10+00:00,منفی,0.67,تحویل و ارسال,تحویل و ارسال
ژل کرم ضد آفتاب مدل SPF50 Oil Free مناسب پوست چرب,https://www.khanoumi.com/products/syn-skin-syn-shield-oil-free-sun-screen-cream-gel-spf50-28026,من دفعه اولیه خریدم  خیلی روپوستم سبک و مات هست حتما شارژش میکنم ,5,true,2023-03-02T12:52:08+00:00,خنثی,0.35,محصول,محصول
ژل کرم ضد آفتاب مدل SPF50 Oil Free مناسب پوست چرب,https://www.khanoumi.com/products/syn-skin-syn-shield-oil-free-sun-screen-cream-gel-spf50-28026,بهترین ضدآفتابی بوده ک استفاده کردم,3,true,2023-03-01T22:11:54+00:00,مثبت,0.67,محصول,محصول
ژل کرم ضد آفتاب مدل SPF50 Oil Free مناسب پوست چرب,https://www.khanoumi.com/products/syn-skin-syn-shield-oil-free-sun-screen-cream-gel-spf50-28026,خیلی عالیه،سبک هست و اینکه زود جذب میشه.من برا هر کی سفارش دادم راضی بوده.,6,true,2023-02-21T19:34:50+00:00,مثبت,0.91,محصول,محصول
ژل کرم ضد آفتاب مدل SPF50 Oil Free مناسب پوست چرب,https://www.khanoumi.com/products/syn-skin-syn-shield-oil-free-sun-screen-cream-gel-spf50-28026,"ضد آفتاب سبکیه و سریع جذب میشه فعلا باهاش جوش نزدم 
الان یک ماهی میشه استفاده میکنم 
",3,true,2023-02-15T12:39:21+00:00,خنثی,0.35,سایر,سایر
ژل کرم ضد آفتاب مدل SPF50 Oil Free مناسب پوست چرب,https://www.khanoumi.com/products/syn-skin-syn-shield-oil-free-sun-screen-cream-gel-spf50-28026,واقعا ضدآفتاب خوبیه.خیلی ازش راضی ام.کاملا جذب میشه.من یکساله ازش استفاده میکنم.و هربار از خانومی میخرم و تمدید میکنم,10,true,2023-02-01T12:42:01+00:00,مثبت,0.91,سایر,سایر
ژل کرم ضد آفتاب مدل SPF50 Oil Free مناسب پوست چرب,https://www.khanoumi.com/products/syn-skin-syn-shield-oil-free-sun-screen-cream-gel-spf50-28026,کاش این ضد آفتاب رو شارژ کنین و تو تخفیف زمستونه هم بزارین باتشکر از خانومی,6,false,2023-01-27T14:02:48+00:00,خنثی,0.35,قیمت,قیمت
ژل کرم ضد آفتاب مدل SPF50 Oil Free مناسب پوست چرب,https://www.khanoumi.com/products/syn-skin-syn-shield-oil-free-sun-screen-cream-gel-spf50-28026,"عاااللییییییییی هرچی بگم کم گفتم نرمه زود جذب میشه و...... هرچی بخوام ازش بگم کم گفتم بسته بندیشم خیلی قشنگ بود من تو تخفیف خریدیم و مجدد شارژ میشه صد درصد 
مرسی خانومی ",5,true,2023-01-22T18:20:26+00:00,مثبت,0.67,تحویل و ارسال | محصول | قیمت,تحویل و ارسال
ژل کرم ضد آفتاب مدل SPF50 Oil Free مناسب پوست چرب,https://www.khanoumi.com/products/syn-skin-syn-shield-oil-free-sun-screen-cream-gel-spf50-28026,"پوستم چرب و مختلط. عالی بود😍
زود جذب میشه، رد سفیدی نمیندازه،
روی صورت برق نمیوفته. ",2,true,2023-01-19T17:31:56+00:00,مثبت,0.79,محصول,محصول
ژل کرم ضد آفتاب مدل SPF50 Oil Free مناسب پوست چرب,https://www.khanoumi.com/products/syn-skin-syn-shield-oil-free-sun-screen-cream-gel-spf50-28026,"باورم نمیشه یک ضد افتاب ایرانی اینهمه نظر مثبت در سایتهای مختلف داشته باشه
من از خانومی خریدم تخفیفش عالی بود .اینهمه نظر مثبت واقعا جای شک نمیگذاره",2,true,2023-01-15T18:41:30+00:00,مثبت,0.79,محصول | قیمت,محصول
ژل کرم ضد آفتاب مدل SPF50 Oil Free مناسب پوست چرب,https://www.khanoumi.com/products/syn-skin-syn-shield-oil-free-sun-screen-cream-gel-spf50-28026,فوق العادس برای بار دوم شارژش کردم برای پوست های جوش دار مخصوصا عالیه ,6,true,2023-01-02T21:52:34+00:00,مثبت,0.79,محصول,محصول
ژل کرم ضد آفتاب مدل SPF50 Oil Free مناسب پوست چرب,https://www.khanoumi.com/products/syn-skin-syn-shield-oil-free-sun-screen-cream-gel-spf50-28026,"خیلی ضدافتاب سبکی هست و رد سفیدی هم نداره
فقط اینکه موقع شستن صورت چشمامو میسوزونه",15,true,2023-01-02T16:46:20+00:00,خنثی,0.35,محصول,محصول
ژل کرم ضد آفتاب مدل SPF50 Oil Free مناسب پوست چرب,https://www.khanoumi.com/products/syn-skin-syn-shield-oil-free-sun-screen-cream-gel-spf50-28026,ضد افتاب های مختلف  زیادی امتحان کردم  خارجی ایرانی ولی این ضد افتاب واقعا خوبه و اصلا باعث جوش نمیشه امیدوارم همیشه همینجوری بمونه و با همین کیفیت تولید شه,20,false,2023-01-01T12:20:29+00:00,مثبت,0.91,محصول | اصل بودن کالا,محصول
ژل کرم ضد آفتاب مدل SPF50 Oil Free مناسب پوست چرب,https://www.khanoumi.com/products/syn-skin-syn-shield-oil-free-sun-screen-cream-gel-spf50-28026," پوستم مختلطه و 2بار کامل این ضدافتابو استفاده کردم.2بارم یه مدل دیگهی این برندو.
این کرم ژل خیلی خیلی سبکه، زود جذب میشه، سفیدی نداره،چرب و سنگین نیست، نمیماسه و رد نمیندازه، برای من حساسیت پوستی و جوش ایجاد نکرد،صورتو چرب نمیکنه و...
خیلی خیلییییی عالیه",8,true,2022-12-25T23:12:26+00:00,مثبت,0.79,محصول,محصول
ژل کرم ضد آفتاب مدل SPF50 Oil Free مناسب پوست چرب,https://www.khanoumi.com/products/syn-skin-syn-shield-oil-free-sun-screen-cream-gel-spf50-28026,جزو بهترین ضدآفتاب هاست . رد سفیدی نمیزاره و زود جذب میشه بافتش خیلی سبکه و من ک پوستم حساسه اصلا باهاش جوش نزدم حجمش هم خوبه نسبت ب قیمتش پوست رو هم چرب نمیکنه واقعا کیفیتش عالیه ,5,true,2022-12-18T14:32:01+00:00,مثبت,0.95,محصول | اصل بودن کالا | قیمت,محصول
ژل کرم ضد آفتاب مدل SPF50 Oil Free مناسب پوست چرب,https://www.khanoumi.com/products/syn-skin-syn-shield-oil-free-sun-screen-cream-gel-spf50-28026,بسیار عالی و اصلا رد سفیدی نمیزاره . فاقد چربیه و کاملا بر پایه آبه . راضی ام . ,10,true,2022-11-23T22:52:33+00:00,مثبت,0.95,اصل بودن کالا,اصل بودن کالا
ژل کرم ضد آفتاب مدل SPF50 Oil Free مناسب پوست چرب,https://www.khanoumi.com/products/syn-skin-syn-shield-oil-free-sun-screen-cream-gel-spf50-28026,"خیلیی خیلی ضد آفتاب خوبیه
من دوباره میخوام سفارش بدم",10,true,2022-11-07T23:22:43+00:00,ترکیبی,0.66,سایر,سایر
ژل کرم ضد آفتاب مدل SPF50 Oil Free مناسب پوست چرب,https://www.khanoumi.com/products/syn-skin-syn-shield-oil-free-sun-screen-cream-gel-spf50-28026,"خیلی خوبه رد سفیدی نمیدازه بعضی دوستان گفتن میندازه
سبکه
زود جذبه
ومن وکیل استفاده کردم جوش زدم
اما براااین جوش نزدم",9,false,2022-11-06T16:47:48+00:00,مثبت,0.91,سایر,سایر
کرم مرطوب کننده آقایان 400 میل,https://www.khanoumi.com/products/comeon-cream-lotion-for-men-400ml-28334,"این محصول رو برای پدر و برادرم خریدم. خیلی محصول خوبیه. آقایون معمولا دوست ندارن کرم بزنن ولی پدر و برادر من با این محصول که اصلا احساس بدی ندارن وازش استفاده میکنن و راضین

",0,false,2024-01-18T17:31:08+00:00,ترکیبی,0.87,محصول | اصل بودن کالا,محصول
کرم مرطوب کننده آقایان 400 میل,https://www.khanoumi.com/products/comeon-cream-lotion-for-men-400ml-28334,"این محصول رو برای همسراتون بگیرید. همسرم خیلی پوستش خشک شده بود و ترک میخورد. این محصول واقعا تغییرش داد و رطوبت رو به پوستش برگردوند. خیلی محصول  خوبیه. همه محصولات کامان که عالیه این محصولش همین طور

",0,false,2024-01-18T14:35:11+00:00,مثبت,0.91,محصول,محصول
کرم مرطوب کننده آقایان 400 میل,https://www.khanoumi.com/products/comeon-cream-lotion-for-men-400ml-28334,همسرم توی استخر کار میکنه و به خاطر کلر پوست دستش واقعا مدام خشک میشد. این مرطوب کننده ولی نجاتش داد. خیلی محصول خوبیه اصلا سنگین نیست و خیلی دستش رو نرم میکنه. مطمئن باشید آقایون عاشق استفاده ازش میشن,0,false,2024-01-18T10:54:51+00:00,مثبت,0.79,محصول | اصل بودن کالا,محصول
کرم مرطوب کننده آقایان 400 میل,https://www.khanoumi.com/products/comeon-cream-lotion-for-men-400ml-28334,آقایان هم مثل خانم ها باید به سلامت پوست خودشون اهمیت بدن، اما متاسفانه توجه لازم به این کار رو ندارن. بدون شک محصولاتی که برای آقایان استفاده میشه با محصولات خانم ها استفاده میشه، متفاوته پس باید انتخاب درستی در این زمینه صورت بگیره. کرم مرطوب کننده آقایان به لطافت و نرمی پوست شما کمک کرده و به سلامتی پوست شما در طولانی مدت کمک میکنه. برند کامان هم سابقه خوبی در این زمینه داره و میتونه عملکرد خوبی باشه.,3,false,2022-05-01T14:47:14+00:00,ترکیبی,0.92,محصول,محصول
کرم مرطوب کننده آقایان 400 میل,https://www.khanoumi.com/products/comeon-cream-lotion-for-men-400ml-28334,این کرم خیلی خوبه . زود جذب میشه و خیلی چرب نیست. بوی عالی هم داره.,21,true,2020-08-12T21:18:52+00:00,مثبت,0.79,محصول,محصول
کرم مرطوب کننده آقایان 250 میل,https://www.khanoumi.com/products/comeon-daily-cream-for-men-240ml-28335,من این کرم آبرسان و  برای پسرهام خریدم خییییلی ازش راضی  هستن هم چرب نیست هم خوشبویه. پیشنهاد خرید میکنم,0,false,2025-08-03T21:01:12.3211+00:00,مثبت,0.79,محصول,محصول
کرم مرطوب کننده آقایان 250 میل,https://www.khanoumi.com/products/comeon-daily-cream-for-men-240ml-28335,مردها به دلیل ماهیت پوست خود و نوع فعالیت دچار خشکی پوست بیشتری میشوند. برای افرادی که تمایل دارند این زبری و خشکی را از بین ببرند، کرم مرطوب کننده آقایان کامان گزینه مناسبی است. این محصول فاقد چربی است بنابراین ضمن ایجاد نرمی در پوست باعث چربی و سنگینی نمی شود. برای افرادی که به دنبال یک آبرسان قوی بدون ایجاد حساسیت هستند این محصول به شدت توصیه می شود. ,1,false,2022-06-29T09:18:07+00:00,ترکیبی,0.79,محصول,محصول
کرم مرطوب کننده آقایان 250 میل,https://www.khanoumi.com/products/comeon-daily-cream-for-men-240ml-28335,چربه یکم دیر جذب میشه بوش بده,1,true,2020-05-27T01:27:04+00:00,منفی,0.79,محصول,محصول
کرم مرطوب کننده آقایان 250 میل,https://www.khanoumi.com/products/comeon-daily-cream-for-men-240ml-28335,خیلی خیلی عالی بود ممنون.,0,false,2020-04-25T20:12:42+00:00,مثبت,0.91,محصول,محصول
کرم مرطوب کننده آقایان 250 میل,https://www.khanoumi.com/products/comeon-daily-cream-for-men-240ml-28335,برای روز پدر پک مردانه کامان رو خریدم واقعا کیفیت خیلی خوبی داره ,2,false,2020-04-19T15:57:35+00:00,مثبت,0.79,محصول,محصول
کرم مرطوب کننده آقایان 75 میل,https://www.khanoumi.com/products/comeon-daily-cream-for-men-75ml-28336,خیلی خوبه پوست رو نرم میکنه. هم زود جذب میشه و هم خیلی چرب نیست.,8,false,2020-08-12T21:20:26+00:00,مثبت,0.91,محصول,محصول
فیس واش و اسکراب آقایان 500 میل,https://www.khanoumi.com/products/comeon-face-wash-for-men-500ml-28337,من بارها به خانومی سفارش دادم همیشه عالی بوده فقط این دفعه این محصول و جوری برام ارسال کردن که یه مقداریش ریخته بود روی بقیه خریدام بسته بندی خوبی نداشت نسبت به دفعات قبل,0,true,2025-04-09T10:49:03.9201278+00:00,مثبت,0.67,تحویل و ارسال | محصول,تحویل و ارسال
فیس واش و اسکراب آقایان 500 میل,https://www.khanoumi.com/products/comeon-face-wash-for-men-500ml-28337,خانومی لطفا تخفیف بیشتر بزار بتونیم خرید کنیم,0,false,2025-02-04T13:48:26.3821133+00:00,خنثی,0.35,قیمت,قیمت
فیس واش و اسکراب آقایان 500 میل,https://www.khanoumi.com/products/comeon-face-wash-for-men-500ml-28337,کسی جدیدا سفارش داده که بدونه تاریخ انقضاش تا چه وقتیه؟,0,true,2023-12-07T11:03:51+00:00,منفی,0.67,سایر,سایر
فیس واش و اسکراب آقایان 500 میل,https://www.khanoumi.com/products/comeon-face-wash-for-men-500ml-28337,"میشه تا تخفیفها هستند محصولات کامان رو هم با تخفیف خوب 
 شارژ کنید؟؟ من  لیست خریدم محصولات کامانو کم داره",1,false,2023-09-05T21:58:43+00:00,مثبت,0.67,محصول | قیمت,محصول
فیس واش و اسکراب آقایان 500 میل,https://www.khanoumi.com/products/comeon-face-wash-for-men-500ml-28337,برای همسرم خریدم و الان 6 ماه شده که داره استفاده میکنه. باعث شده پوستش نرم بشه جوش نزنه دیگه. بوی خیلی خوبی داره حس تمیزی فوقالعاده اس به آدم دست میده,0,false,2023-04-11T23:04:24+00:00,مثبت,0.91,محصول,محصول
فیس واش و اسکراب آقایان 500 میل,https://www.khanoumi.com/products/comeon-face-wash-for-men-500ml-28337,_نسبت به قیمتش خوبه. همسرم ازش استفاده میکنه و اون تکنولوژی اسکرابی که داخلش داره باعث شده پوست صورتش بعد هربار استفاده  روشن تر و نرم تر بشه,0,false,2023-04-11T23:01:21+00:00,مثبت,0.79,محصول | قیمت,محصول
فیس واش و اسکراب آقایان 500 میل,https://www.khanoumi.com/products/comeon-face-wash-for-men-500ml-28337,"بعد یک ماه که همسرم ازش استفاده کرده دارم نظر میدم 
+پاک کننده عالی 
+آبرسان
+پوست رو خشک نمیکنه بوی عالی هم داره""",0,false,2023-04-11T22:58:35+00:00,خنثی,0.35,محصول,محصول
فیس واش و اسکراب آقایان 500 میل,https://www.khanoumi.com/products/comeon-face-wash-for-men-500ml-28337,برای همسرم گرفتم بعد هربار شست و شو انگار اسکراب استفاده کرده، واقعا باعث نرم و لطیف شدن پوست میشه. روش نوشته با تکنولوژی اسکرابه. پوستش مختلط,0,false,2023-04-11T22:56:32+00:00,خنثی,0.35,محصول,محصول
فیس واش و اسکراب آقایان 500 میل,https://www.khanoumi.com/products/comeon-face-wash-for-men-500ml-28337,به نسبت قیمتش راضی بودم...بوش رو هم دوست داشتم تمیز کننده فوق العاده هست من پوستم خیلی چربه پوستم رو خشک نکرد نسبت به محصولاتی که قبلا استفاده کرده بودم از همه شون بهتره,0,false,2023-04-11T22:52:43+00:00,مثبت,0.91,محصول | قیمت,محصول
فیس واش و اسکراب آقایان 500 میل,https://www.khanoumi.com/products/comeon-face-wash-for-men-500ml-28337,برای شست و شوی روزانه خوبه آلودگی های پوست رو کامل پاک میکنه پوست رو نرم و لطیف میکنه,1,false,2023-04-11T22:48:12+00:00,مثبت,0.79,محصول,محصول
فیس واش و اسکراب آقایان 500 میل,https://www.khanoumi.com/products/comeon-face-wash-for-men-500ml-28337,همسرم به پیشنهاد یکی از دوستاش فیس واش و اسکراب آقایان کامان رو از فروشگاه اینترنتی خانومی سفارش داد. حدودا ٢٠ روزه که داره به طور منظم و روزانه ازش استفاده میکنه و به گفته خودش به خوبی پوستش رو تمیز میکنه و  آلودگی ها و چربی های اضافش رو از بین میبره. این فیس واش پوست رو آبرسانی میکنه و مانع ایجاد خشکی و حس کشیدگی روی اون میشه. فیس واش کامان باعث نرمی و لطافت پوست صورت همسرم شده و به کنترل ترشح چربی اون هم کمک کرده. همسرم از خریدش راضیه و به دوستاش هم پیشنهادش میکنه.,2,false,2022-04-23T23:25:29+00:00,مثبت,0.95,محصول,محصول
فیس واش و اسکراب آقایان 500 میل,https://www.khanoumi.com/products/comeon-face-wash-for-men-500ml-28337,شوهرم استفاده میکنه راضیه،زیاد کف نمیکنه اما پاک کنندگیش قابل قبوله حجمش هم زیاد ,0,false,2020-07-16T05:28:39+00:00,مثبت,0.67,محصول,محصول
فیس واش و اسکراب آقایان 500 میل,https://www.khanoumi.com/products/comeon-face-wash-for-men-500ml-28337,سلام محصول خوبی هست ولی یه ایرادی داره خیلی آبکیو شل هست ولی درکل خوبه ,2,true,2020-06-25T13:43:29+00:00,مثبت,0.91,محصول,محصول
فیس واش و اسکراب آقایان 500 میل,https://www.khanoumi.com/products/comeon-face-wash-for-men-500ml-28337,من این محصول رو هدیه دادم خیلی راضی بودن و جوش هاس سر سیاه رو هم برطرف میکنه ,2,false,2020-06-17T12:54:17+00:00,مثبت,0.67,محصول,محصول
فیس واش و اسکراب آقایان 500 میل,https://www.khanoumi.com/products/comeon-face-wash-for-men-500ml-28337,عالییییی عایییییی آقامووون راضیییییی محصولاته کامان و باید بگیم بدون شرح محشررررررررررررن,5,true,2020-03-15T16:46:29+00:00,ترکیبی,0.79,محصول,محصول
اسپری زنانه درای فرش 150 میل,https://www.khanoumi.com/products/nivea-dry-fresh-spray-for-women-150ml-28338,موجود کنید لطفا,0,false,2024-04-17T15:28:31+00:00,خنثی,0.35,محصول,محصول
اسپری زنانه درای فرش 150 میل,https://www.khanoumi.com/products/nivea-dry-fresh-spray-for-women-150ml-28338,"من هم اسپری ضد تعریق نیوا استفاده کردم هم داو و هم رکسونا
نیوآ یه چیز دیگه ست عالیهههه موندگاریش هم خیلی بیشتره",0,false,2023-08-23T10:25:41+00:00,مثبت,0.79,محصول,محصول
شامپو بدن روغن و یاسمن 250 میل,https://www.khanoumi.com/products/nivea-frangipani-and-oil-body-shampoo-250ml-28339,خیلی شامپو بدن خوبیه و بویِ خوبی هم داره,0,false,2020-05-26T18:15:43+00:00,ترکیبی,0.74,محصول,محصول
شامپو بدن روغن و یاسمن 250 میل,https://www.khanoumi.com/products/nivea-frangipani-and-oil-body-shampoo-250ml-28339,خیلی شامپو بدن خوبیه,0,false,2020-04-29T17:31:29+00:00,ترکیبی,0.66,محصول,محصول
شامپو سر و بدن مردانه پاور فرش 250 میل,https://www.khanoumi.com/products/nivea-men-power-fresh-shower-gel-250ml-28341,خیلی شامپو خوبیه ,0,false,2020-06-15T17:15:48+00:00,مثبت,0.67,محصول,محصول
شامپو سر و بدن مردانه پاور فرش 250 میل,https://www.khanoumi.com/products/nivea-men-power-fresh-shower-gel-250ml-28341,شامپوی بدنه خوبیه، بوی خیلی خوبی ام داره,0,false,2020-05-12T16:27:09+00:00,مثبت,0.79,محصول,محصول
ژل کرم ضد آفتاب مدل SPF50 Oil Free مناسب پوست چرب,https://www.khanoumi.com/products/syn-skin-syn-shield-oil-free-sun-screen-cream-gel-spf50-28026,خیلی ضدآفتاب خوبیه فقط برای من کمی برق میندازه که با یه پد برقش رو میگیرم و اصلا پوست رو تیره نمیکنه در کل عالیه و دوباره سفارش میدم,5,true,2022-11-02T16:52:19+00:00,مثبت,0.95,محصول | اصل بودن کالا,محصول
ژل کرم ضد آفتاب مدل SPF50 Oil Free مناسب پوست چرب,https://www.khanoumi.com/products/syn-skin-syn-shield-oil-free-sun-screen-cream-gel-spf50-28026,سلام من 40 روز پیش خریدم عالی بود ن چربه ن باعث جوش میشه اثر محافظتی بالایی داره ,2,true,2022-10-23T14:02:31+00:00,مثبت,0.79,محصول,محصول
ژل کرم ضد آفتاب مدل SPF50 Oil Free مناسب پوست چرب,https://www.khanoumi.com/products/syn-skin-syn-shield-oil-free-sun-screen-cream-gel-spf50-28026,خیلی ضد آفتاب خوب و سبکیه زود جذب میشه و راحت هم پخش میشه اولش یه مقدار روی پوست حالت براق و چرب داره که یکم ماساژ بدید اونم کامل جذب میشه یه جور حالت مرطوب کنندگی هم داره برای منی که پوستم چربه واقعا عالی بود زیر آرایش هم خوبه و پیل نمیشه بار دومه که میخرمش,2,true,2022-10-21T13:51:41+00:00,ترکیبی,0.66,محصول,محصول
ژل کرم ضد آفتاب مدل SPF50 Oil Free مناسب پوست چرب,https://www.khanoumi.com/products/syn-skin-syn-shield-oil-free-sun-screen-cream-gel-spf50-28026,"عالیه
",3,true,2022-10-16T17:58:29+00:00,مثبت,0.79,سایر,سایر
ژل کرم ضد آفتاب مدل SPF50 Oil Free مناسب پوست چرب,https://www.khanoumi.com/products/syn-skin-syn-shield-oil-free-sun-screen-cream-gel-spf50-28026,راضیم ازش برای مصرف روزانه عالیه و خیلی سبک,5,true,2022-10-08T11:16:48+00:00,مثبت,0.95,سایر,سایر
ژل کرم ضد آفتاب مدل SPF50 Oil Free مناسب پوست چرب,https://www.khanoumi.com/products/syn-skin-syn-shield-oil-free-sun-screen-cream-gel-spf50-28026,من یک سال از این محصول استفاده میکنم خیلی سبک و خوبه,16,true,2022-08-27T14:47:07+00:00,مثبت,0.79,محصول,محصول
ژل کرم ضد آفتاب مدل SPF50 Oil Free مناسب پوست چرب,https://www.khanoumi.com/products/syn-skin-syn-shield-oil-free-sun-screen-cream-gel-spf50-28026,من این ضد آفتاب و با تخفیف خوبی از خانومی خریدم. خیلی ضد آفتاب خوبیه. اولش یکم براقه اما خیلی زود جذب میشه و دیگه برق نمیزنه. حالت ژلی داره و من باهاش اصلا جوش نزدم. با توجه به حجمش قیمت خوبی داره و خیلی سبکه. حالت رطوبت رسان داره و پوست و نرم میکنه. کرم ضد آفتاب خوبیه و ارزش خرید داره,30,false,2022-08-24T08:16:46+00:00,مثبت,0.95,محصول | قیمت | اصل بودن کالا,محصول
ژل کرم ضد آفتاب مدل SPF50 Oil Free مناسب پوست چرب,https://www.khanoumi.com/products/syn-skin-syn-shield-oil-free-sun-screen-cream-gel-spf50-28026,عالیه من از احساس سنگینی ضدآفتابا بدم میومد ولی این خیلی سبک و زودجذبه. عالیهههه. حتما امتحان کنید,19,true,2022-08-22T18:18:23+00:00,ترکیبی,0.92,سایر,سایر
ژل کرم ضد آفتاب مدل SPF50 Oil Free مناسب پوست چرب,https://www.khanoumi.com/products/syn-skin-syn-shield-oil-free-sun-screen-cream-gel-spf50-28026,واقعا خیلی خوبه ,1,true,2022-08-17T21:43:25+00:00,مثبت,0.91,سایر,سایر
ژل کرم ضد آفتاب مدل SPF50 Oil Free مناسب پوست چرب,https://www.khanoumi.com/products/syn-skin-syn-shield-oil-free-sun-screen-cream-gel-spf50-28026,خیلی خوبه زود جذب میشه و همین که رد سفیدی نداره خیلیی خوبه,0,true,2022-08-17T17:28:24+00:00,مثبت,0.67,سایر,سایر
ژل کرم ضد آفتاب مدل SPF50 Oil Free مناسب پوست چرب,https://www.khanoumi.com/products/syn-skin-syn-shield-oil-free-sun-screen-cream-gel-spf50-28026,"واااقعا ضدآفتاب عالی ای هستش توی خریدش شک نکنید هم قیمت مناسبی داره هم اصلااا رد سفیدی نمی‌ذاره و واااقعا سبکه من خودم روی سبکی ضدآفتاب خیلی حساسم و بدم میاد سنگین باشه
بعد از استفاده از این ضدآفتاب حدود پنج تا ده دقیقه بعد انگار نه انگار که ضدآفتاب زدی 
عااالیه عااالی",15,true,2022-08-15T20:31:41+00:00,ترکیبی,0.74,اصل بودن کالا | قیمت,اصل بودن کالا
ژل کرم ضد آفتاب مدل SPF50 Oil Free مناسب پوست چرب,https://www.khanoumi.com/products/syn-skin-syn-shield-oil-free-sun-screen-cream-gel-spf50-28026,من خیلیی راضیم. برای پوست چرب من عالیه. سبک و زود جذب. اصلا رد نمیذاره. حسش نمیکنید. ماااه,2,true,2022-08-12T11:29:03+00:00,مثبت,0.91,محصول | اصل بودن کالا,محصول
ژل کرم ضد آفتاب مدل SPF50 Oil Free مناسب پوست چرب,https://www.khanoumi.com/products/syn-skin-syn-shield-oil-free-sun-screen-cream-gel-spf50-28026,خیلی عالیه و سبکه مهمترین ویژگی ش همینه,5,true,2022-08-09T23:36:03+00:00,مثبت,0.79,سایر,سایر
ژل کرم ضد آفتاب مدل SPF50 Oil Free مناسب پوست چرب,https://www.khanoumi.com/products/syn-skin-syn-shield-oil-free-sun-screen-cream-gel-spf50-28026,من برای بار سومه که میخرم بازم میخرم😉خیلی راضی هستم چون کارمند هستم و هرروز استفاده میکنم و یه ضدآفتاب سبکه برق نمیندازه و باعث جوش هم نشد برای من تقریبا ا ماه تا ا ماه و نیم طول میکشه تا تموم بشه😀,7,true,2022-08-08T18:05:55+00:00,مثبت,0.67,محصول,محصول
ژل کرم ضد آفتاب مدل SPF50 Oil Free مناسب پوست چرب,https://www.khanoumi.com/products/syn-skin-syn-shield-oil-free-sun-screen-cream-gel-spf50-28026,من ضد افتاب های زیادی امتحان کردم این عالی بود ، سبک ، رد سفیدی اصلا نمیزاره ، حتما امتحانش کنید 😍,4,true,2022-08-06T14:46:31+00:00,مثبت,0.67,محصول | اصل بودن کالا,محصول
ژل کرم ضد آفتاب مدل SPF50 Oil Free مناسب پوست چرب,https://www.khanoumi.com/products/syn-skin-syn-shield-oil-free-sun-screen-cream-gel-spf50-28026,ازش راضی ام.‌کمی برق میندازه و پوستم تعریق نداره عالیه.‌دوسش دارم,4,true,2022-07-30T22:27:51+00:00,خنثی,0.35,محصول,محصول
ژل کرم ضد آفتاب مدل SPF50 Oil Free مناسب پوست چرب,https://www.khanoumi.com/products/syn-skin-syn-shield-oil-free-sun-screen-cream-gel-spf50-28026,ضدافتاب خوبی هست ولی برای پوست های چرب برق میندازه و خیلی مات نیست ولی به نسبت بقیه ضدآفتاب های ایرانی ارزش خرید داره ,6,false,2022-07-27T15:42:49+00:00,مثبت,0.79,محصول | قیمت,محصول
ژل کرم ضد آفتاب مدل SPF50 Oil Free مناسب پوست چرب,https://www.khanoumi.com/products/syn-skin-syn-shield-oil-free-sun-screen-cream-gel-spf50-28026,این ضدافتاب دیروزبدستم رسیدبایدبگم بهترین ضدافتابه من که خیلی راضی بودم اصن هیچ چربی ای نداره وکاملابی رنگه,15,true,2022-07-22T16:59:55+00:00,ترکیبی,0.74,محصول | تحویل و ارسال,محصول
ژل کرم ضد آفتاب مدل SPF50 Oil Free مناسب پوست چرب,https://www.khanoumi.com/products/syn-skin-syn-shield-oil-free-sun-screen-cream-gel-spf50-28026,خیلی سبک و راحت جذب پوست میشه و از اینکه رد سفیدی نمیزاره راضیم ولی روی صورت برق می اندازه این مورد رو اصلا راضی نیستم خیلی بد میشه,9,false,2022-07-22T11:32:50+00:00,منفی,0.91,محصول | اصل بودن کالا,اصل بودن کالا
ژل کرم ضد آفتاب مدل SPF50 Oil Free مناسب پوست چرب,https://www.khanoumi.com/products/syn-skin-syn-shield-oil-free-sun-screen-cream-gel-spf50-28026,من که خیلی راضیم پوستم چربه ولی هم سبکه هم لک سفیدی نمیندازه هم پوستو چرب نشون نمیده ,3,true,2022-07-20T11:10:56+00:00,مثبت,0.79,محصول,محصول
ژل کرم ضد آفتاب مدل SPF50 Oil Free مناسب پوست چرب,https://www.khanoumi.com/products/syn-skin-syn-shield-oil-free-sun-screen-cream-gel-spf50-28026,"من 3 بار شارژش کردم و میشه گفت با این قیمت واقعا رسالتشو به انجام رسونده،سبکه و باعث جوش نمیشه (پوستم به شدت مستعد جوشه :))اگر جوش زدید احتمال شب با شوینده صورتتون رو نشستید.
رد سفید نمیندازه و این خیلی برام مهم بود
از نقاط منفی بخوام بگم اینکه اطراف بینی رو کمی چرب میکنه و اگه احیانا دستتونو به چشمتون بزنید باعث سوزش چشم میشه ، توی دقیقه‌های اول کمی احساس چسبندگی داره ولی بعد از یک ربع بیست دیقه طبیعی میشه،
ویژگی دیگه‌ای که سلیقه‌ایه برقیه که به صورت میندازه،
ولی در کل من راضیم و تا زمانی که باعث جوش نشه برام و یا کرمی از این سبک تر پیدا نکنم فکر نمیکنم عوضش کنم",2,true,2022-07-17T08:53:52+00:00,مثبت,0.79,محصول | قیمت,محصول
ژل کرم ضد آفتاب مدل SPF50 Oil Free مناسب پوست چرب,https://www.khanoumi.com/products/syn-skin-syn-shield-oil-free-sun-screen-cream-gel-spf50-28026,عالیه همین که رد سفیدی نداره خیلی خوبه,5,true,2022-07-11T10:53:43+00:00,منفی,0.67,سایر,سایر
ژل کرم ضد آفتاب مدل SPF50 Oil Free مناسب پوست چرب,https://www.khanoumi.com/products/syn-skin-syn-shield-oil-free-sun-screen-cream-gel-spf50-28026,"خیلی خیلی عالیه 
درسته یه خورده برق میندازه ولی من با یه مقدار پرایمر روی بینی و پیشونی و چونه کامل برقشو میگیرم و تا آخر شب رو پوستم عالی میمونه
به نظر من توی ضد آفتاب های فیزیکال و بی رنگ بینظیره بسیار راضی هستم",9,false,2022-07-01T12:23:50+00:00,مثبت,0.95,محصول,محصول
ژل کرم ضد آفتاب مدل SPF50 Oil Free مناسب پوست چرب,https://www.khanoumi.com/products/syn-skin-syn-shield-oil-free-sun-screen-cream-gel-spf50-28026,این ضد آفتاب میشه گفت بی نظیره.واییی حرف نداره حتی توی گرما ودمای بالای بندر عسلویه بهترین کارایی رو داره.تجربه کردیم.من به تمام مشتریام توصیه میکنم ,9,true,2022-06-24T22:33:28+00:00,مثبت,0.91,محصول,محصول
ژل کرم ضد آفتاب مدل SPF50 Oil Free مناسب پوست چرب,https://www.khanoumi.com/products/syn-skin-syn-shield-oil-free-sun-screen-cream-gel-spf50-28026,كرم خوبيه اصلن رد سفيدي نداره رو پوست و بافتش حالت فلوئيدي داره و خيلي سبكه فقط يكم رو پوست برق ميافته كه ميشه با دستمال برقش رو گرفت من راضي ام و شارژش كردم,7,true,2022-06-24T14:47:00+00:00,مثبت,0.95,محصول | اصل بودن کالا,محصول
ژل کرم ضد آفتاب مدل SPF50 Oil Free مناسب پوست چرب,https://www.khanoumi.com/products/syn-skin-syn-shield-oil-free-sun-screen-cream-gel-spf50-28026,واقعا عالیه من‌ پوستم‌چربه خیلی سبکه و اثر چربی روی پوست نداره😍,2,true,2022-06-24T13:03:09+00:00,مثبت,0.79,محصول,محصول
ژل کرم ضد آفتاب مدل SPF50 Oil Free مناسب پوست چرب,https://www.khanoumi.com/products/syn-skin-syn-shield-oil-free-sun-screen-cream-gel-spf50-28026,نسبت ب قیمتش عالیه هم خیلی سبک هم اصلا رد سفیدی نمیزاره یه کوچولو برق میندازه ک اونم چند دقیقه بعد مات میشه,1,false,2022-06-22T15:48:50+00:00,مثبت,0.91,اصل بودن کالا | قیمت,اصل بودن کالا
ژل کرم ضد آفتاب مدل SPF50 Oil Free مناسب پوست چرب,https://www.khanoumi.com/products/syn-skin-syn-shield-oil-free-sun-screen-cream-gel-spf50-28026,خیلی سبک و زود جذبه و عالیه من با اکثر ضدآفتابهای اویل فیری جوش میزدم اما این عالیه ,1,true,2022-06-21T23:03:01+00:00,مثبت,0.95,سایر,سایر
ژل کرم ضد آفتاب مدل SPF50 Oil Free مناسب پوست چرب,https://www.khanoumi.com/products/syn-skin-syn-shield-oil-free-sun-screen-cream-gel-spf50-28026,عالیه یه بافت سبکی داره اصلا برق نمیندازه,5,true,2022-06-15T02:19:39+00:00,مثبت,0.67,محصول | اصل بودن کالا,محصول
ژل کرم ضد آفتاب مدل SPF50 Oil Free مناسب پوست چرب,https://www.khanoumi.com/products/syn-skin-syn-shield-oil-free-sun-screen-cream-gel-spf50-28026,سبک و خوب,5,true,2022-06-14T09:57:38+00:00,مثبت,0.67,سایر,سایر
ژل کرم ضد آفتاب مدل SPF50 Oil Free مناسب پوست چرب,https://www.khanoumi.com/products/syn-skin-syn-shield-oil-free-sun-screen-cream-gel-spf50-28026,بینظیره نسبت به قیمتش واقعا ضد آفتاب کاملیه من پوستم چربه از وقتی استفاده میکنم هیچ مشکلی باهاش نداشتم خیلییییییم راضیم,15,true,2022-06-06T13:06:49+00:00,مثبت,0.79,محصول | قیمت,محصول
ژل کرم ضد آفتاب مدل SPF50 Oil Free مناسب پوست چرب,https://www.khanoumi.com/products/syn-skin-syn-shield-oil-free-sun-screen-cream-gel-spf50-28026,"من پوستم چربه واقعا ضدآفتاب عالی بود نسبت به قیمتش اصلا برق نمیندازه
",16,true,2022-05-30T00:20:27+00:00,مثبت,0.67,محصول | اصل بودن کالا | قیمت,محصول
ژل کرم ضد آفتاب مدل SPF50 Oil Free مناسب پوست چرب,https://www.khanoumi.com/products/syn-skin-syn-shield-oil-free-sun-screen-cream-gel-spf50-28026,سبک و عالی,8,true,2022-05-28T23:19:31+00:00,مثبت,0.67,سایر,سایر
ژل کرم ضد آفتاب مدل SPF50 Oil Free مناسب پوست چرب,https://www.khanoumi.com/products/syn-skin-syn-shield-oil-free-sun-screen-cream-gel-spf50-28026,عالی و سبک و فوقالعاده ,11,false,2022-05-16T12:37:03+00:00,مثبت,0.79,سایر,سایر
ژل کرم ضد آفتاب مدل SPF50 Oil Free مناسب پوست چرب,https://www.khanoumi.com/products/syn-skin-syn-shield-oil-free-sun-screen-cream-gel-spf50-28026,اصلأ خوب نیست، با اینکه زده فاقد چربی ولی وقتی میزنی اینقدر صورت رو برق میندازه  که احساس می‌کنی رو صورتت یه وجب روغن هست، اصلا نتونستم استفاده کنم و خیلی پشیمونم,11,false,2022-04-22T09:54:08+00:00,منفی,0.91,اصل بودن کالا | محصول,اصل بودن کالا
ژل کرم ضد آفتاب مدل SPF50 Oil Free مناسب پوست چرب,https://www.khanoumi.com/products/syn-skin-syn-shield-oil-free-sun-screen-cream-gel-spf50-28026,خیلی سبکه و به هیچ عنوان رد سفیدی نمیزاره و یکم برق میندازه که بعداز چند دقیقه مات میشه.,14,false,2022-03-14T12:11:50+00:00,خنثی,0.35,سایر,سایر
ژل کرم ضد آفتاب مدل SPF50 Oil Free مناسب پوست چرب,https://www.khanoumi.com/products/syn-skin-syn-shield-oil-free-sun-screen-cream-gel-spf50-28026,خوبه، سنگین نیست،عرق نمیکنی باهاش و اینکه بوی خوبیم داره.,14,true,2022-02-27T11:01:20+00:00,منفی,0.67,محصول,محصول
ژل کرم ضد آفتاب مدل SPF50 Oil Free مناسب پوست چرب,https://www.khanoumi.com/products/syn-skin-syn-shield-oil-free-sun-screen-cream-gel-spf50-28026,خیلی ضدآفتاب خوب و سبکیه . رد سفیدی نمیذاره و سریع پخش میشه . . عاشقشم ,5,true,2022-02-09T23:58:31+00:00,مثبت,0.79,سایر,سایر
ژل کرم ضد آفتاب مدل SPF50 Oil Free مناسب پوست چرب,https://www.khanoumi.com/products/syn-skin-syn-shield-oil-free-sun-screen-cream-gel-spf50-28026,به پیشنهاد دکتر خریدم اما نسبت به قیمتش کرم خوبیه و محافظتش خوبه اما وقتی اکسید میشه چشمهام میسوزونه و یه کوچولو هم برق میندازه ,4,true,2022-02-09T00:42:39+00:00,مثبت,0.95,محصول | قیمت,محصول
ژل کرم ضد آفتاب مدل SPF50 Oil Free مناسب پوست چرب,https://www.khanoumi.com/products/syn-skin-syn-shield-oil-free-sun-screen-cream-gel-spf50-28026,"از تخفیفات خانمی گرفتم و فوق العاده راضی ام
پوست من چربه و این ضدآفتاب ارزش خرید داشت
عالیهههه اصلا چرب و سنگین نیست",1,true,2022-01-13T11:41:27+00:00,مثبت,0.95,قیمت | محصول | اصل بودن کالا,قیمت
ژل کرم ضد آفتاب مدل SPF50 Oil Free مناسب پوست چرب,https://www.khanoumi.com/products/syn-skin-syn-shield-oil-free-sun-screen-cream-gel-spf50-28026,عالیهههههه,1,true,2022-01-12T12:39:21+00:00,مثبت,0.79,سایر,سایر
ژل کرم ضد آفتاب مدل SPF50 Oil Free مناسب پوست چرب,https://www.khanoumi.com/products/syn-skin-syn-shield-oil-free-sun-screen-cream-gel-spf50-28026,کرم ضد آفتاب خوبیه و اصلا رد سفیدی نمیندازه زیاد چرب نیست ولی بعد از ۴الی ۵ساعت روی صورتم برق میوفته و البته من پوستم هم چربه ,0,true,2022-01-10T15:28:47+00:00,مثبت,0.79,محصول | اصل بودن کالا,محصول
ژل کرم ضد آفتاب مدل SPF50 Oil Free مناسب پوست چرب,https://www.khanoumi.com/products/syn-skin-syn-shield-oil-free-sun-screen-cream-gel-spf50-28026,خیلی خوبه .اصلا فکرشو نمیکردم.من پوستم خشکه خیلی خوب میشینه رو صورت.رد سفیدی هم نمیزاره,3,false,2021-12-24T14:49:00+00:00,مثبت,0.95,محصول | اصل بودن کالا,محصول
ژل کرم ضد آفتاب مدل SPF50 Oil Free مناسب پوست چرب,https://www.khanoumi.com/products/syn-skin-syn-shield-oil-free-sun-screen-cream-gel-spf50-28026,"عالی عالی عالی خیلی خوبه 
سبک بدون چربی اصلا جوش نمیزنی 
مجدد تمدیدش میکنم",11,true,2021-10-13T16:00:41+00:00,مثبت,0.95,اصل بودن کالا,اصل بودن کالا
ژل کرم ضد آفتاب مدل SPF50 Oil Free مناسب پوست چرب,https://www.khanoumi.com/products/syn-skin-syn-shield-oil-free-sun-screen-cream-gel-spf50-28026,فوق العاده ست، بهترین ضد افتابی ک تابحال گرفتم 😍، اصلا رد سفیدی نمیزاره ابرسان پوست هم هست در ضمن اصلا هم چرب نیست,9,true,2021-09-29T11:28:36+00:00,مثبت,0.95,اصل بودن کالا | محصول,اصل بودن کالا
ژل کرم ضد آفتاب مدل SPF50 Oil Free مناسب پوست چرب,https://www.khanoumi.com/products/syn-skin-syn-shield-oil-free-sun-screen-cream-gel-spf50-28026,عالیه این  ضد آفتاب.  ,11,true,2021-09-28T22:12:38+00:00,مثبت,0.79,سایر,سایر
ژل کرم ضد آفتاب مدل SPF50 Oil Free مناسب پوست چرب,https://www.khanoumi.com/products/syn-skin-syn-shield-oil-free-sun-screen-cream-gel-spf50-28026,خیلی کرم سبک و عاااالی ای هست واقعا برا پوست چرب مناسبه(:,1,true,2021-09-16T12:15:50+00:00,خنثی,0.35,محصول,محصول
ژل کرم ضد آفتاب مدل SPF50 Oil Free مناسب پوست چرب,https://www.khanoumi.com/products/syn-skin-syn-shield-oil-free-sun-screen-cream-gel-spf50-28026,چه قدر ماهه این کرم خیلی عالییییییه هرکی نخره از دست داده خیلی سبک زود جذب بسیییییار خوشبو ,0,true,2021-09-05T11:12:27+00:00,مثبت,0.67,محصول,محصول
ژل کرم ضد آفتاب مدل SPF50 Oil Free مناسب پوست چرب,https://www.khanoumi.com/products/syn-skin-syn-shield-oil-free-sun-screen-cream-gel-spf50-28026,خیلی سبکه.رد سفیدی هم نمیزاره اصلا,10,true,2021-06-25T20:49:40+00:00,منفی,0.67,اصل بودن کالا,اصل بودن کالا
ژل کرم ضد آفتاب مدل SPF50 Oil Free مناسب پوست چرب,https://www.khanoumi.com/products/syn-skin-syn-shield-oil-free-sun-screen-cream-gel-spf50-28026,فوق العادست برای پوستای چرب. سبک سبککک اصلنم باعث جوش نمیشه و رد سفیدی نداره.,14,true,2021-06-18T23:41:20+00:00,مثبت,0.67,محصول | اصل بودن کالا,محصول
لوسیون افتر شیو نیوآ مدل SILVER PROTECT حجم 100 میلی لیتر,https://www.khanoumi.com/products/nivea-men-fresh-ocean-deodorant-50ml-28342,"برند نیوآ واقعاحرف نداره، پدر من همیشه از این محصول استفاده میکنه.لوسیون افتر شیو نیوآ مدل SILVER PROTECT حجم نیوا، برای پوست های حساس هم عالیه و رایحه خیلی خوبی داره.
",0,false,2023-01-17T10:34:55.7+00:00,مثبت,0.95,محصول,محصول
کرم اسکراب 50 میل,https://www.khanoumi.com/products/lange-scrubbing-cream-50ml-28345,از برند جی اس فمیلی لانژه عالیه,0,false,2025-05-14T20:10:41.3195599+00:00,مثبت,0.79,سایر,سایر
کرم پودر فشرده حاوی ضد آفتاب اس پی اف 50,https://www.khanoumi.com/products/bionike-cream-compact-foundation-spf-50-28346,خیلی خوب روی پوست می خوابه و سبکه ,4,true,2020-07-06T20:58:18+00:00,مثبت,0.79,محصول,محصول
کرم پودر فشرده حاوی ضد آفتاب اس پی اف 50,https://www.khanoumi.com/products/bionike-cream-compact-foundation-spf-50-28346,اصلا کاور نداره فقط در حد یک دست کردن پوسته. وای انقدر سبکه که انگار هیچی نزدی و کاملا با کیفیت ,1,true,2020-06-26T01:40:11+00:00,منفی,0.67,محصول | اصل بودن کالا,اصل بودن کالا
کرم پودر فشرده حاوی ضد آفتاب اس پی اف 50,https://www.khanoumi.com/products/bionike-cream-compact-foundation-spf-50-28346,خیلی از کرم پودرش راضی‌ام❤️,1,false,2020-06-06T18:06:25+00:00,مثبت,0.67,محصول,محصول
کرم پودر فشرده حاوی ضد آفتاب اس پی اف 50,https://www.khanoumi.com/products/bionike-cream-compact-foundation-spf-50-28346,به شدت روی پوست خوب می خوابه و نسبت به قیمتش واقعا راضی کننده است,2,true,2020-06-05T19:02:50+00:00,مثبت,0.91,محصول | قیمت,محصول
کرم پودر فشرده حاوی ضد آفتاب اس پی اف 50,https://www.khanoumi.com/products/bionike-cream-compact-foundation-spf-50-28346,در واقع بیشتر مثل کرم چرب هست تا کرم پودر که البته فکر میکنم بخاطر اثر  پوشانندگی و ضد افتابش باشه . بهرحال من راضیم فقط یکم چرب بودنش اذیت میکنه,2,true,2020-06-01T11:36:44+00:00,مثبت,0.79,محصول,محصول
کرم پودر فشرده حاوی ضد آفتاب اس پی اف 50,https://www.khanoumi.com/products/bionike-cream-compact-foundation-spf-50-28346,"من خیلی راضیم ازش هم تیره گرفتم هم روشن 
پوستم گندمی روشنه و ترکیب رنگاشون خیلی قشنگ میشه رو پوستم
تو تخفیفش واقعا ارزش خرید داره",2,true,2020-05-28T02:59:15+00:00,مثبت,0.91,محصول | قیمت,محصول
کرم پودر فشرده حاوی ضد آفتاب اس پی اف 50,https://www.khanoumi.com/products/bionike-cream-compact-foundation-spf-50-28346,کرم پودر خیلی سبکیه، کاور متوسطی داره، جلوه طبیعی به پوست میده، بهتره که مرطوب کننده زیرش بزنید، پوستو چرب نمیکنه و برق نمیندازه، یه اسفنج توش داره که برای بِلِند کردن کرم پور مناسبه، برای پوستای گندمی روشن خوبه، روش نوشته که به درمان اکنه هم کمک میکنه، فقط حیف که حجمش کمه و نکته اخر اینکه تاریخ انقضاش برای دو ماه دیگه ست,6,true,2020-05-22T16:03:09+00:00,مثبت,0.79,محصول,محصول
کرم پودر فشرده حاوی ضد آفتاب اس پی اف 50,https://www.khanoumi.com/products/bionike-cream-compact-foundation-spf-50-28346,"یکم حالت چرب داره ،رنگش برای پوست روشن مناسبه شماره ی (00)
ولی خوبه برای روی فون و کرم پودر سبکه",10,true,2020-04-23T13:57:10+00:00,مثبت,0.79,محصول,محصول
چشم پاک كن دو فاز دیفنس 150 میل,https://www.khanoumi.com/products/bionike-two-phase-eye-makeup-remover-150ml-28347,من دوستش نداشتم یعنی به نظرم به عنوان محصول تخصصی پاک کننده چشم اصلا قدرت پاک کنندگی نداشت و آرایش چشم رو پخش میکرد. تنها مزیتش لوسیون‌داشتنشه که دور چشم رو مرطوب نگه میداره. ,1,true,2020-10-12T18:33:45+00:00,مثبت,0.67,محصول | اصل بودن کالا,محصول
چشم پاک كن دو فاز دیفنس 150 میل,https://www.khanoumi.com/products/bionike-two-phase-eye-makeup-remover-150ml-28347,من دفعه ی دوم است که این پاک کننده ی چشم را گرفتم و بسیار راضیم.,10,true,2020-04-11T16:37:34+00:00,مثبت,0.79,سایر,سایر
اتو مو S8540,https://www.khanoumi.com/products/remington-s8540-hair-straightener-28348,میخوام ازش بخرم موهام خیلی فره واقعااااا خوبه؟؟؟؟؟,0,false,2025-11-09T22:22:13.865118+03:30,مثبت,0.79,محصول,محصول
اتو مو S8540,https://www.khanoumi.com/products/remington-s8540-hair-straightener-28348,خیلی عالی,0,true,2025-09-29T14:18:26.0712748+03:30,مثبت,0.67,سایر,سایر
اتو مو S8540,https://www.khanoumi.com/products/remington-s8540-hair-straightener-28348,واقعا خیلی عالی لخت و ابریشمی میکنه,0,false,2025-09-02T01:14:09.7194927+03:30,مثبت,0.67,سایر,سایر
موزن گوش و بینی ضد آب PW 6107,https://www.khanoumi.com/products/prowave-pw-6107-nose-and-ear-trimmer-28365,آشغال و بی کیفیت،بعد از یک بار استفاده سرش شکست !!,0,true,2026-08-02T17:19:45.4164757+03:30,منفی,0.67,محصول,محصول
برس مو حرارتی PW 5112,https://www.khanoumi.com/products/prowave-pw-5112-hair-straightening-brush-28376,"لطفاً اگر این محصول رو خریدین نظرات تون رو اعلام کنید 
و تجربه خرید تون رو ب اشتراک بزارین 
من میخام بخرم نمی دونم کاراییش خوبه یا نه",0,false,2026-07-04T00:49:51.4939646+03:30,مثبت,0.79,محصول,محصول
دو عدد کرم کر 200 میل همراه با هدیه کیف,https://www.khanoumi.com/products/nivea-2pcs-care-cream-with-bag-28412,"با درود؛ ممنون میشم این پک رو شارژ بفرمایید. واسه هدیه عالیه. سپاسگزارم 💖💝
",0,false,2023-01-11T00:30:51+00:00,مثبت,0.95,سایر,سایر
دو عدد کرم کر 200 میل همراه با هدیه کیف,https://www.khanoumi.com/products/nivea-2pcs-care-cream-with-bag-28412,"چرا موجود نیستش؟! 🙁
دو ماهه پیگیرم.",0,false,2023-01-08T00:19:46+00:00,خنثی,0.35,محصول,محصول
دو عدد کرم کر 200 میل همراه با هدیه کیف,https://www.khanoumi.com/products/nivea-2pcs-care-cream-with-bag-28412,سلام ممنون از تخفیف خوبتون بابت کرم نیوا کِر.. کیفیت این محصول که ثابت شده اس,9,true,2020-04-25T13:54:56+00:00,مثبت,0.79,محصول | قیمت,محصول
دو عدد کرم کر 200 میل همراه با هدیه کیف,https://www.khanoumi.com/products/nivea-2pcs-care-cream-with-bag-28412,"واقعا بی نظیره همه جا دنبالش بودم فقطططط خانومی موجود داشتش 
",8,true,2020-04-19T21:20:00+00:00,خنثی,0.35,محصول,محصول
دو عدد کرم کر 200 میل همراه با هدیه کیف,https://www.khanoumi.com/products/nivea-2pcs-care-cream-with-bag-28412,خيلي سبك و خوبه ,10,true,2020-04-10T17:28:57+00:00,مثبت,0.79,سایر,سایر
دو عدد کرم کر 200 میل همراه با هدیه کیف,https://www.khanoumi.com/products/nivea-2pcs-care-cream-with-bag-28412,فوق العاده سبک و مرطوب,6,true,2020-03-12T01:56:05+00:00,مثبت,0.67,سایر,سایر
دو عدد کرم کر 200 میل همراه با هدیه کیف,https://www.khanoumi.com/products/nivea-2pcs-care-cream-with-bag-28412,"این کرم عالیههههههههه حتی برای زیر ساز آرایش
اصلا احساس سنگینی و چربی به پوست نمیده واقعا من هیچی جز این نمیتونم بزنم",3,true,2020-03-10T12:44:54+00:00,مثبت,0.91,محصول | اصل بودن کالا,محصول
کانسیلر کانسیل اند دیفاین,https://www.khanoumi.com/products/revolution-conceal-and-define-concealer-28416,چرا موجود نمیکنید اسن کانسیلرو,0,false,2023-11-21T20:54:49+00:00,خنثی,0.35,محصول,محصول
کانسیلر کانسیل اند دیفاین,https://www.khanoumi.com/products/revolution-conceal-and-define-concealer-28416,کانسیلر خوبیه و کاور خوبی داره ,1,true,2023-08-05T14:14:19+00:00,مثبت,0.79,سایر,سایر
کانسیلر کانسیل اند دیفاین,https://www.khanoumi.com/products/revolution-conceal-and-define-concealer-28416,من رنگ c5 رو داشتم خوشرنگه ولی خیلی خشک هست سریع باید بلند بشه,3,false,2023-01-28T19:25:24+00:00,خنثی,0.35,محصول,محصول
کانسیلر کانسیل اند دیفاین,https://www.khanoumi.com/products/revolution-conceal-and-define-concealer-28416,من رنگ c5 رو داشتم خیلی خوش رنگه اما به شدت خشک هست سری باید بلند بشه,1,false,2023-01-19T10:06:16+00:00,خنثی,0.35,محصول,محصول
پرایمر بیبی اسکین,https://www.khanoumi.com/products/maybelline-baby-skin-primer-28418,پرایمر خوبیه اولی که زدم احساس مخملی کردن پوستو متوجه شدم فقط کوچیکه و کارتن نداشت,0,true,2026-07-21T08:24:31.6219491+03:30,مثبت,0.67,محصول | تحویل و ارسال,محصول
پرایمر بیبی اسکین,https://www.khanoumi.com/products/maybelline-baby-skin-primer-28418,من خیلی دوسش داشتم زیرساز خوبیه ولی برای ماندگاری آرایش تاثیری ندیدم خیلی ،موجود بشه سفارش میدم,0,true,2024-12-01T10:15:41.8370337+00:00,مثبت,0.67,محصول,محصول
پرایمر بیبی اسکین,https://www.khanoumi.com/products/maybelline-baby-skin-primer-28418,یک ماهه منتظرم موجود شه، موجود کنید لطفا,0,false,2024-05-21T14:54:17+00:00,خنثی,0.35,محصول,محصول
پرایمر بیبی اسکین,https://www.khanoumi.com/products/maybelline-baby-skin-primer-28418,لطفا موجود کنید میخوام اولین بار این محصول را سفارش بدم با توجه به نظرات ,0,false,2024-04-16T01:37:55+00:00,منفی,0.67,محصول,محصول
پرایمر بیبی اسکین,https://www.khanoumi.com/products/maybelline-baby-skin-primer-28418,لطفا موجود کنید .تو سبدم بود دیروز که اتمام موجودی شد قبل پرداخت,0,false,2024-02-21T08:57:37+00:00,منفی,0.67,محصول,محصول
پرایمر بیبی اسکین,https://www.khanoumi.com/products/maybelline-baby-skin-primer-28418,توروخدا تخفیف بیشتر بزنین میخام چارتا چیز دیگ ام سفارش بدم موندم اینو بگیرم یا نگیرم با این قیمتای بالا ب فکر ما ها ک بودجه نداریمم باشین تخفیف بزنین نزدیک شب یلداعه ,0,false,2023-12-09T02:12:45+00:00,منفی,0.67,قیمت | محصول,قیمت
پرایمر بیبی اسکین,https://www.khanoumi.com/products/maybelline-baby-skin-primer-28418,تخفیفففف بزنین تورو خداااااا خاهشش,0,false,2023-12-08T00:06:33+00:00,خنثی,0.35,قیمت,قیمت
پرایمر بیبی اسکین,https://www.khanoumi.com/products/maybelline-baby-skin-primer-28418,خیلی عالیه ولی قیمتش بالاس,1,false,2023-05-25T15:07:54+00:00,مثبت,0.79,قیمت,قیمت
پرایمر بیبی اسکین,https://www.khanoumi.com/products/maybelline-baby-skin-primer-28418,"باسلام
لطفا تخفیف بیشتر میذارین؟میخوام با چیزای دیگه سفارش بدم ممنون",19,true,2023-03-07T17:10:25+00:00,ترکیبی,0.66,قیمت,قیمت
پرایمر کوچک کننده منافذ شماره 10 فیس استودیو,https://www.khanoumi.com/products/maybelline-face-studio-minimizing-pore-primer-28420,این محصول فوق العاده است خیلی پوست مخملی میکنه منافذ میبنده لطفا موجود کنید,0,false,2025-11-25T11:41:30.4870156+03:30,مثبت,0.67,محصول,محصول
پالت اصلاح رنگ صورت کاورال,https://www.khanoumi.com/products/wet-n-wild-coverall-concealer-palette-28426,برای کاور جای جوش و تیرگی زیر چشم عالیه,0,false,2026-05-04T22:47:59.6163248+03:30,مثبت,0.79,سایر,سایر
پالت اصلاح رنگ صورت کاورال,https://www.khanoumi.com/products/wet-n-wild-coverall-concealer-palette-28426,لطفاً موجود شه,0,false,2025-02-09T23:38:36.4164484+00:00,خنثی,0.35,محصول,محصول
پالت اصلاح رنگ صورت کاورال,https://www.khanoumi.com/products/wet-n-wild-coverall-concealer-palette-28426,لطفا زودتر شارژش کنید,0,false,2024-11-05T07:01:32.9265935+00:00,خنثی,0.35,سایر,سایر
پک مراقبت پوستی آقایان,https://www.khanoumi.com/products/comeon-pack-for-men-28427,"من خیلی محصولات کامان رو دوست دارم. این پک رو هم برای همسرم گرفتم چون به نظرم باید از خودش مراقبت کنه

",0,false,2024-02-05T17:44:02+00:00,خنثی,0.35,محصول,محصول
پک مراقبت پوستی آقایان,https://www.khanoumi.com/products/comeon-pack-for-men-28427,کمتر برندی توی ایران به اقایون اهمیت میده ولی این پک کامل برای اقایون از برند کامان خیلی خوبه و همه چی هم داره,0,false,2024-02-05T00:23:25+00:00,مثبت,0.91,سایر,سایر
پک مراقبت پوستی آقایان,https://www.khanoumi.com/products/comeon-pack-for-men-28427,جمعی از خوب های برند کامان توی یه پک برای آقایان,0,false,2024-02-04T22:32:59+00:00,مثبت,0.67,سایر,سایر
پک مراقبت پوستی آقایان,https://www.khanoumi.com/products/comeon-pack-for-men-28427,به جای جوراب این پک رو برای همسراتون بخرید تا حس کنن بهشون اهمیت میدید.,0,false,2024-02-04T19:15:21+00:00,خنثی,0.35,سایر,سایر
پک مراقبت پوستی آقایان,https://www.khanoumi.com/products/comeon-pack-for-men-28427,این پک رو هدیه برای روز مرد برای همسرم خیریدم و خیلی دوسش داشت.,0,false,2024-02-04T15:14:06+00:00,خنثی,0.35,سایر,سایر
پک مراقبت پوستی آقایان,https://www.khanoumi.com/products/comeon-pack-for-men-28427,سلام محصولات خانومی خیلی عالیه ,0,false,2023-03-16T02:47:12+00:00,مثبت,0.79,محصول,محصول
پک مراقبت پوستی آقایان,https://www.khanoumi.com/products/comeon-pack-for-men-28427,برا هدیه روز مرد برا عشقم این پک گرفتممم خیلیییی ازش راضییییی خیلییی ممنون از محصول خوبتون عشقم خیلییییی خوشحال شد که این طوری خودشو پوستشو دوست دارمممممم😘🥰😍☺️☺️☺️☺️☺️☺️☺️☺️☺️☺️☺️☺️☺️,40,false,2020-03-15T16:39:44+00:00,مثبت,0.91,محصول,محصول
لوسیون ضد آفتاب رولی اس پی اف 50 حجم 50 میل,https://www.khanoumi.com/products/prime-roll-on-sunscreen-lotion-spf50-28450,باعث خارش پوستم میشه دقیقا بعد هربار استفاده,0,false,2026-08-26T16:21:40.1744207+03:30,خنثی,0.35,محصول,محصول
لوسیون ضد آفتاب رولی اس پی اف 50 حجم 50 میل,https://www.khanoumi.com/products/prime-roll-on-sunscreen-lotion-spf50-28450,از نظر محافظت از پوست خوبه، ولی برای سفر و طبیعت توی کیف میریزه و حتما باید توی پلاستیک بگذارید تا وسایلتون رو کثیف نکنه.,0,false,2026-07-31T21:55:53.0233544+03:30,مثبت,0.79,محصول,محصول
لوسیون ضد آفتاب رولی اس پی اف 50 حجم 50 میل,https://www.khanoumi.com/products/prime-roll-on-sunscreen-lotion-spf50-28450,خیلی عالیه فقط لطفاااا تخفیف بذارین,0,false,2026-07-20T10:22:36.5973024+03:30,مثبت,0.79,قیمت,قیمت
لوسیون ضد آفتاب رولی اس پی اف 50 حجم 50 میل,https://www.khanoumi.com/products/prime-roll-on-sunscreen-lotion-spf50-28450,عاشقشم بهترینه. باهات جوش نمیزنم,0,false,2026-05-26T12:28:37.1870093+03:30,مثبت,0.79,سایر,سایر
لوسیون ضد آفتاب رولی اس پی اف 50 حجم 50 میل,https://www.khanoumi.com/products/prime-roll-on-sunscreen-lotion-spf50-28450,خیلی راضیم,0,true,2026-05-12T14:29:29.3076751+03:30,مثبت,0.79,سایر,سایر
لوسیون ضد آفتاب رولی اس پی اف 50 حجم 50 میل,https://www.khanoumi.com/products/prime-roll-on-sunscreen-lotion-spf50-28450,سه بار شارژش کردم عااالیه بهترین ضد افتاب رولی هست که میتونید داشته باشیدد محشره,0,false,2026-05-11T15:03:16.5061497+03:30,مثبت,0.67,سایر,سایر
لوسیون ضد آفتاب رولی اس پی اف 50 حجم 50 میل,https://www.khanoumi.com/products/prime-roll-on-sunscreen-lotion-spf50-28450,عالیه،مخصوصا برای پیاده روی اصلا موقعه عرق کردن ردی نمیزاره،سبکه،سفید نمیکنه،من چندتا تو تخفیف خریدم ولی ییهو خیلی گرون کردین تخفیف بزارید,0,false,2026-05-03T01:16:50.1215853+03:30,مثبت,0.91,قیمت | محصول | اصل بودن کالا,قیمت
لوسیون ضد آفتاب رولی اس پی اف 50 حجم 50 میل,https://www.khanoumi.com/products/prime-roll-on-sunscreen-lotion-spf50-28450,بهترین ضدآفتاب,0,true,2026-04-27T23:44:44.676786+03:30,مثبت,0.67,سایر,سایر
لوسیون ضد آفتاب رولی اس پی اف 50 حجم 50 میل,https://www.khanoumi.com/products/prime-roll-on-sunscreen-lotion-spf50-28450,"ضد افتاب خوبیه مخصوصا برای پوست خشک
فقط یکم برق میندازه",0,false,2026-04-18T11:08:52.2480088+03:30,مثبت,0.67,محصول,محصول
لوسیون ضد آفتاب رولی اس پی اف 50 حجم 50 میل,https://www.khanoumi.com/products/prime-roll-on-sunscreen-lotion-spf50-28450,سبکه و خوب روش استفاده اشم جالبه,0,false,2026-04-16T10:13:55.5825755+03:30,مثبت,0.67,سایر,سایر
لوسیون ضد آفتاب رولی اس پی اف 50 حجم 50 میل,https://www.khanoumi.com/products/prime-roll-on-sunscreen-lotion-spf50-28450,عاالیع,0,true,2026-04-09T01:08:06.0054943+03:30,خنثی,0.35,سایر,سایر
لوسیون ضد آفتاب رولی اس پی اف 50 حجم 50 میل,https://www.khanoumi.com/products/prime-roll-on-sunscreen-lotion-spf50-28450,خوب بود راضی بودم،،، لطفااااا تخفیف بیشتری بذارید,0,false,2025-11-29T14:42:16.6200466+03:30,مثبت,0.91,محصول | قیمت,محصول
لوسیون ضد آفتاب رولی اس پی اف 50 حجم 50 میل,https://www.khanoumi.com/products/prime-roll-on-sunscreen-lotion-spf50-28450,واقعا ضدافتاب خوبیه حتی جوش های منو کمترم کرد. تخفیفشو بیشتر کنید لطفا.,0,false,2025-11-23T23:03:29.2466318+03:30,مثبت,0.67,قیمت,قیمت
لوسیون ضد آفتاب رولی اس پی اف 50 حجم 50 میل,https://www.khanoumi.com/products/prime-roll-on-sunscreen-lotion-spf50-28450,فوق العاده هست من خیلی راضیم  تخفیف بیشتری بذارید,0,false,2025-11-03T13:20:44.5423729+03:30,مثبت,0.91,قیمت,قیمت
لوسیون ضد آفتاب رولی اس پی اف 50 حجم 50 میل,https://www.khanoumi.com/products/prime-roll-on-sunscreen-lotion-spf50-28450,استفاده راحت برای تمدید خوبه و حالت فلوئیدی داره,0,true,2025-09-25T21:02:36.2333322+03:30,مثبت,0.79,سایر,سایر
لوسیون ضد آفتاب رولی اس پی اف 50 حجم 50 میل,https://www.khanoumi.com/products/prime-roll-on-sunscreen-lotion-spf50-28450,سلام من پوستم جوش های قرمز و فعال زیاد داره پزشک برام این ضدآفتابو تجویز کرد,0,false,2025-09-25T18:10:06.7151549+03:30,خنثی,0.35,محصول,محصول
لوسیون ضد آفتاب رولی اس پی اف 50 حجم 50 میل,https://www.khanoumi.com/products/prime-roll-on-sunscreen-lotion-spf50-28450,محصولات پرایم بعضیاش واقعا خوبه ولی این ضدافتاب اصلااا خوب نیس بوش خیلی بده و با اینکه من پوستم خشکه ولی تا به صورتم میزنم هرباررر جوش میزنم اصلا خوب نیست,0,true,2025-07-28T11:16:35.16893+00:00,ترکیبی,0.87,محصول | اصل بودن کالا,محصول
لوسیون ضد آفتاب رولی اس پی اف 50 حجم 50 میل,https://www.khanoumi.com/products/prime-roll-on-sunscreen-lotion-spf50-28450,این ضد آفتاب برای پوست خشک و لک دار عالی هست,0,true,2025-02-21T15:30:00.6113081+00:00,مثبت,0.67,محصول,محصول
لوسیون ضد آفتاب رولی اس پی اف 50 حجم 50 میل,https://www.khanoumi.com/products/prime-roll-on-sunscreen-lotion-spf50-28450,برای پوست چرب مناسب نمیباشد,0,true,2025-01-22T10:30:08.5263752+00:00,خنثی,0.35,محصول,محصول
لوسیون ضد آفتاب رولی اس پی اف 50 حجم 50 میل,https://www.khanoumi.com/products/prime-roll-on-sunscreen-lotion-spf50-28450,"اصلا بوی خوبی نداره و رد سفیدی بجا میزاره
از خزیدم پشیمونم",0,false,2025-01-05T08:43:49.0431841+00:00,منفی,0.79,محصول | اصل بودن کالا,اصل بودن کالا
لوسیون ضد آفتاب رولی اس پی اف 50 حجم 50 میل,https://www.khanoumi.com/products/prime-roll-on-sunscreen-lotion-spf50-28450,بخاطر رولی بودنش استفادش تو ساعات کاری خیلی راحته اما اگه یروز صورتمو نمیشستم و تا عصر رو پوستم میموند صورتم به سوزش میوفتاد,0,true,2024-09-30T23:50:28+00:00,خنثی,0.35,محصول,محصول
لوسیون ضد آفتاب رولی اس پی اف 50 حجم 50 میل,https://www.khanoumi.com/products/prime-roll-on-sunscreen-lotion-spf50-28450,کرم فوق العاده ای هست هم نحوه مصرف که رولی هست بنظرم برا پوست خشک عالیه,0,true,2024-09-16T22:52:13+00:00,مثبت,0.91,محصول,محصول
لوسیون ضد آفتاب رولی اس پی اف 50 حجم 50 میل,https://www.khanoumi.com/products/prime-roll-on-sunscreen-lotion-spf50-28450,من پوستم چربه و اصلا مناسب پوستم نبود،خیلی برق میوفته و حس چسبناک به پوست میده,0,false,2024-08-03T13:35:56+00:00,مثبت,0.67,محصول | اصل بودن کالا,محصول
لوسیون ضد آفتاب رولی اس پی اف 50 حجم 50 میل,https://www.khanoumi.com/products/prime-roll-on-sunscreen-lotion-spf50-28450,پوست من چربه و این ضد افتاب برام مناسب نیست چون همون اول برق میفته پوست,0,false,2024-07-21T02:14:28+00:00,خنثی,0.35,محصول,محصول
لوسیون ضد آفتاب رولی اس پی اف 50 حجم 50 میل,https://www.khanoumi.com/products/prime-roll-on-sunscreen-lotion-spf50-28450,از جهت اینکه جوش و حساسیت ایجاد نکنه واقعا قوی هست . در مورد اینکه تعریق نداشته باشه هم عملکردش مناسبه اما چربی داره و پوست رو براق میکنه اگر صرفا بخواهید ضد افتاب بزنید شاید مناسب نباشه و لازم باشه یه محصول ارایشی روش استفاده کنید ,0,true,2024-07-20T19:53:36+00:00,خنثی,0.35,محصول,محصول
لوسیون ضد آفتاب رولی اس پی اف 50 حجم 50 میل,https://www.khanoumi.com/products/prime-roll-on-sunscreen-lotion-spf50-28450,چرب و براقه برای پوست چرب ومختلط مناسب نیست رد سفیدی هم داره رولان هم هست باید حتما پوستتون تمیز باشه یا روی دست بکشید به صورتتون بمالید,0,false,2024-07-14T14:20:12+00:00,خنثی,0.35,محصول,محصول
لوسیون ضد آفتاب رولی اس پی اف 50 حجم 50 میل,https://www.khanoumi.com/products/prime-roll-on-sunscreen-lotion-spf50-28450,واقعا عالیه این ضد آفتاب روی پوست خیلی خوبه میشینه ,0,true,2024-07-03T09:53:06+00:00,مثبت,0.95,محصول,محصول
لوسیون ضد آفتاب رولی اس پی اف 50 حجم 50 میل,https://www.khanoumi.com/products/prime-roll-on-sunscreen-lotion-spf50-28450,برای استفاده عادی نسبت به ضدآفتاب های دیگه که بر پایه آب هستن سنگین تره اما برای ورزش و طبیعت گردی فوق العادست ,0,true,2024-06-26T11:19:10+00:00,خنثی,0.35,سایر,سایر
لوسیون ضد آفتاب رولی اس پی اف 50 حجم 50 میل,https://www.khanoumi.com/products/prime-roll-on-sunscreen-lotion-spf50-28450,"برای ورزش و تعریق زیاد خوبه ،استفاده راحتی هم داره
خیلی مدل قدیما رو چرا شرکت دیگه تولدی نمیکنه. ، یدونه اسپرت کاملا ژل طوری داشت خیلی عالی بود ",0,true,2024-06-23T11:57:21+00:00,مثبت,0.95,محصول,محصول
لوسیون ضد آفتاب رولی اس پی اف 50 حجم 50 میل,https://www.khanoumi.com/products/prime-roll-on-sunscreen-lotion-spf50-28450,خیلی دوسش داشتم سبک و خوبه ,0,true,2024-04-12T20:40:40+00:00,مثبت,0.79,سایر,سایر
لوسیون ضد آفتاب رولی اس پی اف 50 حجم 50 میل,https://www.khanoumi.com/products/prime-roll-on-sunscreen-lotion-spf50-28450,پوست من چربه.. برای من مناسب نبود,0,true,2024-02-12T20:49:31+00:00,خنثی,0.35,محصول,محصول
لوسیون ضد آفتاب رولی اس پی اف 50 حجم 50 میل,https://www.khanoumi.com/products/prime-roll-on-sunscreen-lotion-spf50-28450,یه کم چربی و براقی روی پوست داره .من پوستم چربه برام مناسب نبود ,0,true,2024-01-16T08:54:32+00:00,خنثی,0.35,محصول,محصول
لوسیون ضد آفتاب رولی اس پی اف 50 حجم 50 میل,https://www.khanoumi.com/products/prime-roll-on-sunscreen-lotion-spf50-28450,"نه رولش سفت بود و نه چربه اونطوری که تو کامنتا دیدم
ضد افتاب ها همه یه برق خاصی دارن تو اتمام کار ولی واقعا اصلا سنگین نیس و خیلی خوبه بنظرم",0,true,2023-12-26T10:06:48+00:00,مثبت,0.95,محصول | اصل بودن کالا,محصول
لوسیون ضد آفتاب رولی اس پی اف 50 حجم 50 میل,https://www.khanoumi.com/products/prime-roll-on-sunscreen-lotion-spf50-28450,عالیه.برای بچه ها هم خوبه ,0,true,2023-11-12T16:05:16+00:00,مثبت,0.95,سایر,سایر
لوسیون ضد آفتاب رولی اس پی اف 50 حجم 50 میل,https://www.khanoumi.com/products/prime-roll-on-sunscreen-lotion-spf50-28450,خیلی چربه، راضی نبودم,0,true,2023-08-27T11:56:40+00:00,منفی,0.67,محصول,محصول
لوسیون ضد آفتاب رولی اس پی اف 50 حجم 50 میل,https://www.khanoumi.com/products/prime-roll-on-sunscreen-lotion-spf50-28450,رولش خیلی سفته و لغزش نداره. ,0,false,2023-07-13T11:07:48+00:00,خنثی,0.35,سایر,سایر
لوسیون ضد آفتاب رولی اس پی اف 50 حجم 50 میل,https://www.khanoumi.com/products/prime-roll-on-sunscreen-lotion-spf50-28450,اثر حفاظتی خوبی داره ولی خیلی چرب هست و اصلا سبک نیست فلویید پریم عالیه,5,false,2023-04-09T09:15:50+00:00,مثبت,0.79,محصول | اصل بودن کالا,محصول
لوسیون ضد آفتاب رولی اس پی اف 50 حجم 50 میل,https://www.khanoumi.com/products/prime-roll-on-sunscreen-lotion-spf50-28450,"عاشقم 
خیلی خوبه",4,true,2023-02-08T17:43:56+00:00,مثبت,0.91,سایر,سایر
لوسیون ضد آفتاب رولی اس پی اف 50 حجم 50 میل,https://www.khanoumi.com/products/prime-roll-on-sunscreen-lotion-spf50-28450,برای تعریق زیاد و فعالیت ورزشی بسیار مناسبه.,6,true,2022-09-01T13:18:40+00:00,مثبت,0.67,سایر,سایر
لوسیون ضد آفتاب رولی اس پی اف 50 حجم 50 میل,https://www.khanoumi.com/products/prime-roll-on-sunscreen-lotion-spf50-28450,"خیلی خوبه

وراحت رو پوست می خوابه ",3,false,2022-07-22T19:41:57+00:00,مثبت,0.91,محصول,محصول
لوسیون ضد آفتاب رولی اس پی اف 50 حجم 50 میل,https://www.khanoumi.com/products/prime-roll-on-sunscreen-lotion-spf50-28450,عالیه,4,true,2022-06-20T08:43:50+00:00,مثبت,0.79,سایر,سایر
لوسیون ضد آفتاب رولی اس پی اف 50 حجم 50 میل,https://www.khanoumi.com/products/prime-roll-on-sunscreen-lotion-spf50-28450,عالی ، سبک و استفاده راحت,13,true,2022-06-02T12:24:27+00:00,مثبت,0.67,سایر,سایر
لوسیون ضد آفتاب رولی اس پی اف 50 حجم 50 میل,https://www.khanoumi.com/products/prime-roll-on-sunscreen-lotion-spf50-28450,"من که راضی نبودم
",52,true,2020-06-20T13:07:37+00:00,منفی,0.67,محصول,محصول
ماسک مو حجم دهنده سیلکراتین 500 میل,https://www.khanoumi.com/products/energy-cosmetics-silkeratine-volumizing-care-hair-mask-500ml-28452,بدترين ماسك مويى كه تا حالا استفاده كردم😐😐به شدت مو رو خشك و بى حالت مى كنه، من بعد از چند بار استفاده ديدم موهامو داره خراب مى كنه ريختم دور، موهام هم طبيعى و كاملا سالم هست😊,0,false,2020-05-28T11:24:13+00:00,منفی,0.79,محصول,محصول
ماسک مو حجم دهنده سیلکراتین 500 میل,https://www.khanoumi.com/products/energy-cosmetics-silkeratine-volumizing-care-hair-mask-500ml-28452,ماسک موی رنگ شده سریتا هم خیلی خوب جواب میده موهای خواهرم بعد دکلره کامل سوخته بود ، الان ماسک داخل حمام سریتا رو استفاده میکنه خیلی راضیه,0,false,2020-03-22T17:41:40+00:00,مثبت,0.91,محصول,محصول
شامپو و نرم کننده 3 در 1 ضد شوره سیلکراتین 250 میل,https://www.khanoumi.com/products/energy-cosmetics-silkeratine-anti-dandruff-shampoo-and-conditioner-250ml-28455,من موهامو رنگ کردم از شامپو محافظ رنگ مو سریتا استفاده میکنم همرنگ موهامو تثبیت میکنه هم موهامو خیلی نرم میکنه,1,false,2020-03-25T17:08:26+00:00,خنثی,0.35,محصول,محصول
شامپو تقویت کننده رنگ مو سیلکراتین 250 میل,https://www.khanoumi.com/products/energy-cosmetics-silkeratine-color-enhancer-hair-shampoo-250ml-28456,این شامپو بهترین محصولی بود که از محو شدن رنگ مو جلوگیری کرد. برای کسایی که مثل من موهای رنگ شده دارن واقعا گزینه خوبیه. حتما پیشنهاد میکنم تهیه کنید.,0,false,2022-12-21T08:10:47+00:00,مثبت,0.95,محصول,محصول
کرم نرم کننده کودک حاوی 6 درصد اوره و اوسرین,https://www.khanoumi.com/products/seagull-eczema-relief-emollient-cream-100ml-28458,برای پوست صورت بسیار سنگینه,0,true,2026-04-03T23:47:36.2935849+03:30,خنثی,0.35,محصول,محصول
کرم نرم کننده کودک حاوی 6 درصد اوره و اوسرین,https://www.khanoumi.com/products/seagull-eczema-relief-emollient-cream-100ml-28458,کرم خوبیه پوست رو نرم میکنه فقط یه کم عطری هست ,0,false,2023-09-29T15:35:21+00:00,مثبت,0.67,محصول,محصول
ژل ضد جوش آنتی آکنه حاوی عصاره تی تیری 180 میل,https://www.khanoumi.com/products/sevda-tea-tree-gel-for-acne-180ml-28459,"برای من خوب بوده واقعا
من یکمدت جوشای زیادی داشتم، روی بدن و صورتم
هرروز و به صورت مرتب از این ژل استفاده کردم و حتی جای جوشام هم داره کمتر میشه
عطر خوبی هم داره",0,true,2023-02-03T15:42:01+00:00,مثبت,0.79,محصول,محصول
پاک کننده آرایش 180 میل,https://www.khanoumi.com/products/sevda-milky-makeup-remover-180ml-28460,خیلی خوبه این مح2ول واقعا پیشنهاد میکنم که استفاده کنید,0,false,2026-03-20T17:57:30.1662966+03:30,مثبت,0.95,سایر,سایر
فیس واش کربن فعال 250 میل,https://www.khanoumi.com/products/sevda-activated-charcoal-purifying-face-wash-250ml-28461,پوستو تمیز میکنه، خیلی معمولیه. یکم پوستو خشک میکنه,19,true,2020-08-28T15:31:50+00:00,خنثی,0.35,محصول,محصول
فوم پاک کننده صورت ذغال سیاه 150 میل,https://www.khanoumi.com/products/sevda-black-charcoal-whitening-complex-cleansing-foam-150ml-28462,سلام به نظر من به عنوان یک‌محصول میان رده با قیمت مناسب برای استفاده روزانه مناسب بود پوست‌من چرب هست که کامل تمیز میشه و پوست هم خشک نمیکنه...برس سرش هم‌خیلیی راحت و نرم پوست رو تمیز‌ میکنه من پیشنهادش میکنم اگر‌نمیخواین زیاد هزینه کنید,29,true,2020-10-28T12:53:37+00:00,مثبت,0.67,محصول | قیمت,محصول
میسلار واتر مناسب پوست های چرب و آکنه دار حجم 200 میلی لیتر,https://www.khanoumi.com/products/dafi-micellar-cleansing-water-for-oily-and-acne-skin-200ml-28463,بخاطر قیمت پایینش نسبت به مسلترهای دیگه شک داشتم ولی از خیلی هاشون بهتره ،پاک کنندگی عالیه,0,true,2026-08-31T15:54:55.2979219+03:30,مثبت,0.79,قیمت,قیمت
میسلار واتر مناسب پوست های چرب و آکنه دار حجم 200 میلی لیتر,https://www.khanoumi.com/products/dafi-micellar-cleansing-water-for-oily-and-acne-skin-200ml-28463,عالیههه. پاک کننده فوق العاده ای هستش . با یه حرکت کل آرایش چشم رو پاک میکنه,0,true,2026-08-31T10:43:14.4792246+03:30,مثبت,0.91,سایر,سایر
میسلار واتر مناسب پوست های چرب و آکنه دار حجم 200 میلی لیتر,https://www.khanoumi.com/products/dafi-micellar-cleansing-water-for-oily-and-acne-skin-200ml-28463,خوبه پاک کنندگی خوبی داره ، به نسبت قیمتش خیلی خوبه,0,true,2026-08-29T15:46:28.407883+03:30,مثبت,0.95,قیمت,قیمت
میسلار واتر مناسب پوست های چرب و آکنه دار حجم 200 میلی لیتر,https://www.khanoumi.com/products/dafi-micellar-cleansing-water-for-oily-and-acne-skin-200ml-28463,عالیه من راضی هستم,0,false,2026-08-25T13:44:46.9246511+03:30,مثبت,0.91,سایر,سایر
میسلار واتر مناسب پوست های چرب و آکنه دار حجم 200 میلی لیتر,https://www.khanoumi.com/products/dafi-micellar-cleansing-water-for-oily-and-acne-skin-200ml-28463,من خریداری کردم واقعا راضیم پاک کنندگی خوبی داره,0,true,2026-08-22T23:16:28.8269313+03:30,مثبت,0.91,سایر,سایر
میسلار واتر مناسب پوست های چرب و آکنه دار حجم 200 میلی لیتر,https://www.khanoumi.com/products/dafi-micellar-cleansing-water-for-oily-and-acne-skin-200ml-28463,"خوبه بد نیست 
به قیمتش میارزه",0,false,2026-08-20T11:27:21.8740741+03:30,منفی,0.67,قیمت,قیمت
میسلار واتر مناسب پوست های چرب و آکنه دار حجم 200 میلی لیتر,https://www.khanoumi.com/products/dafi-micellar-cleansing-water-for-oily-and-acne-skin-200ml-28463,محصول قابل قبولیه و برای پاک کردن آرایش های غلیظ خوب عمل میکنه و بعد از استفاده هم خیلی حس خشکی به پوست نمیده,0,true,2026-08-19T13:10:25.9944287+03:30,مثبت,0.67,محصول,محصول
میسلار واتر مناسب پوست های چرب و آکنه دار حجم 200 میلی لیتر,https://www.khanoumi.com/products/dafi-micellar-cleansing-water-for-oily-and-acne-skin-200ml-28463,خوبه راضیم,0,true,2026-08-19T07:50:22.2571933+03:30,مثبت,0.95,سایر,سایر
میسلار واتر مناسب پوست های چرب و آکنه دار حجم 200 میلی لیتر,https://www.khanoumi.com/products/dafi-micellar-cleansing-water-for-oily-and-acne-skin-200ml-28463,واقعا خیلی عالی بود دومین باره قراره شارژش کنم واقعا برای پوست چرب عالیه و تمیز کنندگی عالی داره,0,false,2026-08-12T14:43:41.7700667+03:30,مثبت,0.95,محصول,محصول
میسلار واتر مناسب پوست های چرب و آکنه دار حجم 200 میلی لیتر,https://www.khanoumi.com/products/dafi-micellar-cleansing-water-for-oily-and-acne-skin-200ml-28463,معمولی هستش,0,true,2026-08-11T08:18:56.4369356+03:30,خنثی,0.35,محصول,محصول
میسلار واتر مناسب پوست های چرب و آکنه دار حجم 200 میلی لیتر,https://www.khanoumi.com/products/dafi-micellar-cleansing-water-for-oily-and-acne-skin-200ml-28463,با توجه به قیمتش خیلی خوبه و راحت پاک میکنه,0,true,2026-08-08T13:03:45.3904039+03:30,مثبت,0.91,قیمت,قیمت
میسلار واتر مناسب پوست های چرب و آکنه دار حجم 200 میلی لیتر,https://www.khanoumi.com/products/dafi-micellar-cleansing-water-for-oily-and-acne-skin-200ml-28463,واقعا محصول ارزشمندیه با خیال راخت از کاراییش میتونید بخرید،بعد ریختنش روی پد اگه پدو فوت کنین کفم میکنه,0,true,2026-08-08T11:27:37.1402497+03:30,خنثی,0.35,محصول,محصول
میسلار واتر مناسب پوست های چرب و آکنه دار حجم 200 میلی لیتر,https://www.khanoumi.com/products/dafi-micellar-cleansing-water-for-oily-and-acne-skin-200ml-28463,تاحالا دوبار استفاده کردم و راضیم,0,true,2026-08-07T14:40:39.7498264+03:30,مثبت,0.79,سایر,سایر
میسلار واتر مناسب پوست های چرب و آکنه دار حجم 200 میلی لیتر,https://www.khanoumi.com/products/dafi-micellar-cleansing-water-for-oily-and-acne-skin-200ml-28463,خوب تمیز میکنه پوست رو ولی چشمم رو کمی میسوزوند,0,true,2026-08-05T12:11:16.50599+03:30,مثبت,0.67,محصول,محصول
میسلار واتر مناسب پوست های چرب و آکنه دار حجم 200 میلی لیتر,https://www.khanoumi.com/products/dafi-micellar-cleansing-water-for-oily-and-acne-skin-200ml-28463,"خیلی محصول خوبیه  باتوجه به قیمتش حجمشم خیلی خوبه از کیفیتشم نگم پاک کنندگیش عالیه چشمم رو هم اصلا نمیسوزونه 
ممنون از ارسال به موقع خانومی",0,true,2026-08-03T12:55:48.5027076+03:30,مثبت,0.95,محصول | تحویل و ارسال | اصل بودن کالا | قیمت,محصول
میسلار واتر مناسب پوست های چرب و آکنه دار حجم 200 میلی لیتر,https://www.khanoumi.com/products/dafi-micellar-cleansing-water-for-oily-and-acne-skin-200ml-28463,تا الان دوبار زدم اما خیلی راضیم,0,true,2026-07-31T19:19:43.4720773+03:30,مثبت,0.79,سایر,سایر
میسلار واتر مناسب پوست های چرب و آکنه دار حجم 200 میلی لیتر,https://www.khanoumi.com/products/dafi-micellar-cleansing-water-for-oily-and-acne-skin-200ml-28463,کیفیت و قیمت و قدرت پاک کنندگیش همه عالی بود,0,true,2026-07-30T23:35:33.6208163+03:30,مثبت,0.79,محصول | قیمت,محصول
میسلار واتر مناسب پوست های چرب و آکنه دار حجم 200 میلی لیتر,https://www.khanoumi.com/products/dafi-micellar-cleansing-water-for-oily-and-acne-skin-200ml-28463,"بوی خوب، پاک کننده بالا و خیلی به صرفه .. 
من از خانومی ممنونم برای ارسال سریع و بهترین کیفیت",0,true,2026-07-30T16:35:17.078493+03:30,مثبت,0.91,محصول | تحویل و ارسال,محصول
میسلار واتر مناسب پوست های چرب و آکنه دار حجم 200 میلی لیتر,https://www.khanoumi.com/products/dafi-micellar-cleansing-water-for-oily-and-acne-skin-200ml-28463,"هم قیمتش خوبه و هم کیفیت اش و قدرت پاک کننده گی اش عالیه
دور چشم منو نسوزند 
ولی اگه پوست حساس دارین ممکنه بسوزونه",0,true,2026-07-28T13:22:35.7239947+03:30,مثبت,0.95,محصول | قیمت,محصول
میسلار واتر مناسب پوست های چرب و آکنه دار حجم 200 میلی لیتر,https://www.khanoumi.com/products/dafi-micellar-cleansing-water-for-oily-and-acne-skin-200ml-28463,حرف نداره این میسلار بین مارک های ایرانی بهترینه و ضد جوشه و قدرت پاک کنندگی خوبی داره دومین باریه که میخرم,0,true,2026-07-28T01:05:31.7080795+03:30,مثبت,0.79,سایر,سایر
میسلار واتر مناسب پوست های چرب و آکنه دار حجم 200 میلی لیتر,https://www.khanoumi.com/products/dafi-micellar-cleansing-water-for-oily-and-acne-skin-200ml-28463,عالیه نسبت به قیمت پاک کنندگیش من کلی میسلار های خارجی گرون امتحان کردم ولی از وقتی دافی تست کردم معتادش شدم این سری هم 4 تا گرفتم داشته باشم,0,false,2026-07-26T05:33:50.0000484+03:30,مثبت,0.79,قیمت,قیمت
میسلار واتر مناسب پوست های چرب و آکنه دار حجم 200 میلی لیتر,https://www.khanoumi.com/products/dafi-micellar-cleansing-water-for-oily-and-acne-skin-200ml-28463,بوی الکل نمیده. قدرا پاک کنندگیش عالیه. قیمتش هم نسبت به حجم و کیفیتش به صرفه است. من از لافارر استفاده می کردم ولی چون قیمتش رو خیلی برد بالا، اینو جایگزینش کردم و کاملا راضیم.همون کیفیت رو داره با قیمت پایین تر.,0,false,2026-07-23T23:10:38.6412723+03:30,مثبت,0.95,محصول | قیمت,محصول
میسلار واتر مناسب پوست های چرب و آکنه دار حجم 200 میلی لیتر,https://www.khanoumi.com/products/dafi-micellar-cleansing-water-for-oily-and-acne-skin-200ml-28463,خیلی خیلی عالیه خیلی قشنگ پوست تمیز میکنه منم واقعا راضیم,0,true,2026-07-23T21:01:29.56507+03:30,مثبت,0.95,محصول,محصول
میسلار واتر مناسب پوست های چرب و آکنه دار حجم 200 میلی لیتر,https://www.khanoumi.com/products/dafi-micellar-cleansing-water-for-oily-and-acne-skin-200ml-28463,برای دور چشم خوب نیست,0,true,2026-07-13T03:06:08.124417+03:30,منفی,0.67,سایر,سایر
میسلار واتر مناسب پوست های چرب و آکنه دار حجم 200 میلی لیتر,https://www.khanoumi.com/products/dafi-micellar-cleansing-water-for-oily-and-acne-skin-200ml-28463,عالی هست حتما بخرید,0,false,2026-07-12T01:59:46.6343583+03:30,مثبت,0.67,سایر,سایر
میسلار واتر مناسب پوست های چرب و آکنه دار حجم 200 میلی لیتر,https://www.khanoumi.com/products/dafi-micellar-cleansing-water-for-oily-and-acne-skin-200ml-28463,کیفیتش خوبه و همه ی ارایش رو عمیق پاک میکنه فقط ریمل ضد اب رو سخت پاک میکنه,0,true,2026-07-11T19:52:06.3485734+03:30,مثبت,0.79,محصول,محصول
میسلار واتر مناسب پوست های چرب و آکنه دار حجم 200 میلی لیتر,https://www.khanoumi.com/products/dafi-micellar-cleansing-water-for-oily-and-acne-skin-200ml-28463,عالیه تمام انتظاراتی ک از یک میسلار دارید رو براورده میکنه بوی بدی نداره پاک کنندگی عالی چه برای روتین پوستی چ برای پاک کردن ارایش عالیه قیمتشم به نسبت بد نیست,0,true,2026-07-05T00:33:30.7871012+03:30,مثبت,0.95,محصول | قیمت,محصول
میسلار واتر مناسب پوست های چرب و آکنه دار حجم 200 میلی لیتر,https://www.khanoumi.com/products/dafi-micellar-cleansing-water-for-oily-and-acne-skin-200ml-28463,"من از وقتی قیمتش 80 تومن بوده دارم استفاده میکنم
بی شک عالیه
فقط بعدش صورت و حتما با آب بشورید",0,true,2026-07-03T14:02:06.5384944+03:30,مثبت,0.79,محصول | قیمت,محصول
میسلار واتر مناسب پوست های چرب و آکنه دار حجم 200 میلی لیتر,https://www.khanoumi.com/products/dafi-micellar-cleansing-water-for-oily-and-acne-skin-200ml-28463,خیلی خوبه حتماً پیشنهاد می کنم بخرید,0,true,2026-06-27T01:51:51.4034132+03:30,مثبت,0.95,سایر,سایر
میسلار واتر مناسب پوست های چرب و آکنه دار حجم 200 میلی لیتر,https://www.khanoumi.com/products/dafi-micellar-cleansing-water-for-oily-and-acne-skin-200ml-28463,"آرایش رو سریع پاک میکنه 
توی تخفیف 190 تومن خریدم",0,true,2026-06-27T00:49:26.043839+03:30,خنثی,0.35,قیمت,قیمت
میسلار واتر مناسب پوست های چرب و آکنه دار حجم 200 میلی لیتر,https://www.khanoumi.com/products/dafi-micellar-cleansing-water-for-oily-and-acne-skin-200ml-28463,عالیه من ک راضیم به شدتتت,0,true,2026-06-20T00:46:28.5661448+03:30,مثبت,0.95,سایر,سایر
میسلار واتر مناسب پوست های چرب و آکنه دار حجم 200 میلی لیتر,https://www.khanoumi.com/products/dafi-micellar-cleansing-water-for-oily-and-acne-skin-200ml-28463,افتضاح افتضاح افتضاح باعث خارش و حساسیت و جوش زیر پوستی میشه,0,false,2026-06-18T02:27:17.7601227+03:30,منفی,0.91,محصول,محصول
میسلار واتر مناسب پوست های چرب و آکنه دار حجم 200 میلی لیتر,https://www.khanoumi.com/products/dafi-micellar-cleansing-water-for-oily-and-acne-skin-200ml-28463,خیلی خوبه چسبناک نیس و هر کاری که باید انجام بده رو انجام میده اما فک نکنم آبرسانی کنه,0,true,2026-06-15T23:26:51.3477058+03:30,ترکیبی,0.92,سایر,سایر
میسلار واتر مناسب پوست های چرب و آکنه دار حجم 200 میلی لیتر,https://www.khanoumi.com/products/dafi-micellar-cleansing-water-for-oily-and-acne-skin-200ml-28463,عالی دو ساله دارم ازش استفاده میکنم هم قیمتش خوبه هم کاراییش,0,false,2026-06-15T13:36:23.6333701+03:30,مثبت,0.91,محصول | قیمت,محصول
میسلار واتر مناسب پوست های چرب و آکنه دار حجم 200 میلی لیتر,https://www.khanoumi.com/products/dafi-micellar-cleansing-water-for-oily-and-acne-skin-200ml-28463,من خیلی راضیم ازش,0,false,2026-06-10T13:38:31.5506936+03:30,مثبت,0.79,سایر,سایر
میسلار واتر مناسب پوست های چرب و آکنه دار حجم 200 میلی لیتر,https://www.khanoumi.com/products/dafi-micellar-cleansing-water-for-oily-and-acne-skin-200ml-28463,چرا پوست منو خشک و میسوزونه؟,0,false,2026-06-09T15:36:20.8756766+03:30,خنثی,0.35,محصول,محصول
میسلار واتر مناسب پوست های چرب و آکنه دار حجم 200 میلی لیتر,https://www.khanoumi.com/products/dafi-micellar-cleansing-water-for-oily-and-acne-skin-200ml-28463,رو دستش نیومده شما برو سه تومن بده میسلار کار اینو نمیکنه این کلا تو ی لول دیگس ولی قیمتش خیلی بالا رفته !تو ایران همیشه همینه ی محصول جا بیوفته دیگه قیمتش سر ز فلک میکشه,0,true,2026-06-03T09:45:37.0350365+03:30,منفی,0.79,قیمت | محصول,قیمت
میسلار واتر مناسب پوست های چرب و آکنه دار حجم 200 میلی لیتر,https://www.khanoumi.com/products/dafi-micellar-cleansing-water-for-oily-and-acne-skin-200ml-28463,من تابحال میسلار های زیادی امتحان کردم ولی این خیلیییی خوب بود هم زود پاک کرد هم پوستمو خشک نکرد اگر باعث جوش نشه دیگه از این ب بعد همینو میگیرم عاشقش شدممم,0,true,2026-05-29T22:28:08.0332343+03:30,مثبت,0.79,محصول,محصول
میسلار واتر مناسب پوست های چرب و آکنه دار حجم 200 میلی لیتر,https://www.khanoumi.com/products/dafi-micellar-cleansing-water-for-oily-and-acne-skin-200ml-28463,نسبت به قیمت پاک کنندگی خوبی داره دوبار تکرارش کردم,0,true,2026-05-25T13:54:03.8699942+03:30,مثبت,0.67,قیمت,قیمت
میسلار واتر مناسب پوست های چرب و آکنه دار حجم 200 میلی لیتر,https://www.khanoumi.com/products/dafi-micellar-cleansing-water-for-oily-and-acne-skin-200ml-28463,به نسبت قیمت عالیه,0,true,2026-05-25T12:03:26.9396472+03:30,مثبت,0.79,قیمت,قیمت
میسلار واتر مناسب پوست های چرب و آکنه دار حجم 200 میلی لیتر,https://www.khanoumi.com/products/dafi-micellar-cleansing-water-for-oily-and-acne-skin-200ml-28463,عالیه,0,true,2026-05-20T00:56:04.6957158+03:30,مثبت,0.79,سایر,سایر
میسلار واتر مناسب پوست های چرب و آکنه دار حجم 200 میلی لیتر,https://www.khanoumi.com/products/dafi-micellar-cleansing-water-for-oily-and-acne-skin-200ml-28463,چند ساله که دارم ازین میسلار استفاده میکنم سنگین ترین میکاپ ها رو هم عالی پاک میکنه همه جوره ازش راضیم,0,true,2026-05-17T23:38:49.5733842+03:30,مثبت,0.91,سایر,سایر
میسلار واتر مناسب پوست های چرب و آکنه دار حجم 200 میلی لیتر,https://www.khanoumi.com/products/dafi-micellar-cleansing-water-for-oily-and-acne-skin-200ml-28463,بشدت راضی بودم و پاک کنندگیش عالی بود و نسبت به قیمتش بنظرم فوق العاده عمل کرد.,0,false,2026-05-17T14:19:11.4895157+03:30,مثبت,0.95,محصول | قیمت,محصول
میسلار واتر مناسب پوست های چرب و آکنه دار حجم 200 میلی لیتر,https://www.khanoumi.com/products/dafi-micellar-cleansing-water-for-oily-and-acne-skin-200ml-28463,خوب بود قدرت پاک کنندگیشم خوبه نبست ب قیمتش عالیه,0,true,2026-05-14T12:34:55.7785198+03:30,مثبت,0.95,محصول | قیمت,محصول
میسلار واتر مناسب پوست های چرب و آکنه دار حجم 200 میلی لیتر,https://www.khanoumi.com/products/dafi-micellar-cleansing-water-for-oily-and-acne-skin-200ml-28463,برای بار دوم میخرم واقعا عالیه,0,true,2026-05-12T01:49:34.2293264+03:30,مثبت,0.79,سایر,سایر
میسلار واتر مناسب پوست های چرب و آکنه دار حجم 200 میلی لیتر,https://www.khanoumi.com/products/dafi-micellar-cleansing-water-for-oily-and-acne-skin-200ml-28463,به نسبت قیمتش میتونم بگم خیلی خوب عمل میکنه و پا‌ک کنندگی خوبی داره فقط چند لحظه اول پوست اطراف چشمو یکم میسوزونه که خیلی نیست و سریع خوب میشه,0,true,2026-05-11T17:49:13.0611229+03:30,مثبت,0.79,محصول | قیمت,محصول
میسلار واتر مناسب پوست های چرب و آکنه دار حجم 200 میلی لیتر,https://www.khanoumi.com/products/dafi-micellar-cleansing-water-for-oily-and-acne-skin-200ml-28463,واقعا عالیه حتما حتما بگیرید با یه دونه پد کل صورت رو پاک میکنه هرچی محصول دیگه امتحان کردم هیچکدوم دافی نشد همیشه توی سبد خریدمه هم تونرش هم میسلارش قیمتشم که واقعا مناسبه,0,true,2026-05-11T16:51:31.2809758+03:30,ترکیبی,0.74,محصول | قیمت,محصول
میسلار واتر مناسب پوست های چرب و آکنه دار حجم 200 میلی لیتر,https://www.khanoumi.com/products/dafi-micellar-cleansing-water-for-oily-and-acne-skin-200ml-28463,باورم نمیشه. کیفیتش با این قیمت فوق العادس. حتی به رفع جوشامم کمک کرد. امیدوارم بعدها تغییر نکنه و همینجوری بمونه. من20تا30قطره روی پد میریزم و همون کل آرایشمو پاک میکنه,0,true,2026-05-11T16:14:44.5088817+03:30,خنثی,0.35,محصول | قیمت,محصول
میسلار واتر مناسب پوست های چرب و آکنه دار حجم 200 میلی لیتر,https://www.khanoumi.com/products/dafi-micellar-cleansing-water-for-oily-and-acne-skin-200ml-28463,"قبلا مدل آبی‌رنگ که برای پوست خشک بود رو داشتم اما اینبار که خواستم مجدد بخرم موجود نبود و این یکی رو برداشتم.
جفتشون عالین، برای منی که پوست خیلی حساس و مختلط دارم مناسبه و نمیسوزونه، پاک کنندگی و بوی خیلی خوبی داره، پوست رو هم خشک نمیکنه.",0,false,2026-05-09T17:55:46.5755408+03:30,مثبت,0.91,محصول,محصول
میسلار واتر مناسب پوست های چرب و آکنه دار حجم 200 میلی لیتر,https://www.khanoumi.com/products/dafi-micellar-cleansing-water-for-oily-and-acne-skin-200ml-28463,طبق نظرات خریدم، خیلی خوشم اومد خیلی بوی تمیزی و خوبی میده و با چند قطره ارایش و پاک میکنه اما واسه ریمل های سنگین یکم زیاد باید ازش استفاده کنید در کل دوسش داشتم.,0,true,2026-05-03T00:14:25.9890118+03:30,مثبت,0.67,محصول,محصول
میسلار واتر مناسب پوست های چرب و آکنه دار حجم 200 میلی لیتر,https://www.khanoumi.com/products/dafi-micellar-cleansing-water-for-oily-and-acne-skin-200ml-28463,خیلی خوبه پاک کنندگی عالی داره,0,true,2026-05-02T01:22:50.9872713+03:30,مثبت,0.95,سایر,سایر
میسلار واتر مناسب پوست های چرب و آکنه دار حجم 200 میلی لیتر,https://www.khanoumi.com/products/dafi-micellar-cleansing-water-for-oily-and-acne-skin-200ml-28463,بهترین گزینه برای به فنا رفتن پوست.,0,false,2026-04-28T04:11:36.9021901+03:30,مثبت,0.67,محصول,محصول
میسلار واتر مناسب پوست های چرب و آکنه دار حجم 200 میلی لیتر,https://www.khanoumi.com/products/dafi-micellar-cleansing-water-for-oily-and-acne-skin-200ml-28463,نسیت به قیمتش خوبه پاک کنندگی بالایی داره,0,false,2026-04-27T14:15:57.6212823+03:30,مثبت,0.79,قیمت,قیمت
میسلار واتر مناسب پوست های چرب و آکنه دار حجم 200 میلی لیتر,https://www.khanoumi.com/products/dafi-micellar-cleansing-water-for-oily-and-acne-skin-200ml-28463,واقعا عالیه پاک کنندگیش,0,true,2026-04-27T12:40:55.6693085+03:30,مثبت,0.79,سایر,سایر
میسلار واتر مناسب پوست های چرب و آکنه دار حجم 200 میلی لیتر,https://www.khanoumi.com/products/dafi-micellar-cleansing-water-for-oily-and-acne-skin-200ml-28463,من اصلا راضی نبودم و فقط بخاطر تبلیغات گسترده ای که ازش دیده بودم خواستم امتحانش کنم که واقعا پشیمونم. اصلا آرایش رو پاک نمیکنه و باعث سوزش چشم هم میشه با اینکه باید عادی باشه برای استفاده ی چشم و بخاطر اینکه قدرت پاک‌کنندگی پایین داره باید مقدار خیلی زیادی ازش اطتفدته کرد که همین باعث میشه زودتر تموم بشه,0,true,2026-04-25T03:53:29.6541548+03:30,منفی,0.91,محصول | اصل بودن کالا,اصل بودن کالا
میسلار واتر مناسب پوست های چرب و آکنه دار حجم 200 میلی لیتر,https://www.khanoumi.com/products/dafi-micellar-cleansing-water-for-oily-and-acne-skin-200ml-28463,برای برا دومه میخرمش نسبت به قیمتش خیلی عالیه,0,true,2026-04-23T20:21:22.5972319+03:30,مثبت,0.79,قیمت,قیمت
میسلار واتر مناسب پوست های چرب و آکنه دار حجم 200 میلی لیتر,https://www.khanoumi.com/products/dafi-micellar-cleansing-water-for-oily-and-acne-skin-200ml-28463,من 3 بار تا الان خریدم بازم میخرم خیلی خوبههه,0,true,2026-04-23T12:32:30.5988194+03:30,مثبت,0.91,سایر,سایر
میسلار واتر مناسب پوست های چرب و آکنه دار حجم 200 میلی لیتر,https://www.khanoumi.com/products/dafi-micellar-cleansing-water-for-oily-and-acne-skin-200ml-28463,من انقدر راضی بودم ازش که بازم شارژش کردم میکاپ رو سریع پاک میکنه ولی چشم رو یکم میسوزونه,0,true,2026-04-22T12:26:28.509557+03:30,مثبت,0.67,محصول,محصول
میسلار واتر مناسب پوست های چرب و آکنه دار حجم 200 میلی لیتر,https://www.khanoumi.com/products/dafi-micellar-cleansing-water-for-oily-and-acne-skin-200ml-28463,محصول خوبیه،ارایش خوب پاک می‌کنه،از خریدش راضی هستم,0,true,2026-04-21T20:42:49.1520226+03:30,مثبت,0.91,محصول,محصول
میسلار واتر مناسب پوست های چرب و آکنه دار حجم 200 میلی لیتر,https://www.khanoumi.com/products/dafi-micellar-cleansing-water-for-oily-and-acne-skin-200ml-28463,خوبه من راضی ام,0,true,2026-04-21T15:59:56.6470927+03:30,مثبت,0.95,سایر,سایر
میسلار واتر مناسب پوست های چرب و آکنه دار حجم 200 میلی لیتر,https://www.khanoumi.com/products/dafi-micellar-cleansing-water-for-oily-and-acne-skin-200ml-28463,خیلی عالیه من امروز برای چهارمین بار این محصول به دستم رسید، با توجه به قیمتش واقعا قویه و خیلی خوب پوست رو تمیز میکنه.,0,true,2026-04-20T14:52:38.6728026+03:30,مثبت,0.95,محصول | تحویل و ارسال | قیمت,محصول
میسلار واتر مناسب پوست های چرب و آکنه دار حجم 200 میلی لیتر,https://www.khanoumi.com/products/dafi-micellar-cleansing-water-for-oily-and-acne-skin-200ml-28463,با ی قیمت پایین ی پاک کننده عالی میخرید بهترین در دسته میسلار هاست پاک کنندگی عالی بو عالی بعد استفاده بوست چسبناک نمیشه محشره کلا پیشنهادش میکنم,0,false,2026-04-18T18:22:53.5688351+03:30,مثبت,0.95,محصول | قیمت,محصول
میسلار واتر مناسب پوست های چرب و آکنه دار حجم 200 میلی لیتر,https://www.khanoumi.com/products/dafi-micellar-cleansing-water-for-oily-and-acne-skin-200ml-28463,واقعا عالیه و آرایش رو خیلی خوب پاک میکنه و باعث سوزش چشم هم نمیشه.,0,true,2026-04-16T14:50:38.4226045+03:30,مثبت,0.95,سایر,سایر
میسلار واتر مناسب پوست های چرب و آکنه دار حجم 200 میلی لیتر,https://www.khanoumi.com/products/dafi-micellar-cleansing-water-for-oily-and-acne-skin-200ml-28463,نسبت به قیمت واقعا کیفیت خوبی داره و ازش راضیم.,0,true,2026-04-11T12:02:06.5450468+03:30,مثبت,0.95,محصول | قیمت,محصول
میسلار واتر مناسب پوست های چرب و آکنه دار حجم 200 میلی لیتر,https://www.khanoumi.com/products/dafi-micellar-cleansing-water-for-oily-and-acne-skin-200ml-28463,اگر رایگان بدن بهم، هم دیگه هیچ وقت نمیگیرم، حیفه پولم واقعا، پس الکی نیست که قیمتش اینقدر پایینه، حتی وقتی چشمامو کامل هم میبستم می سوزوند، اصلا اولین میسالاره که من بعد زدنش اول باید برم صورتمو بشورم که چشام نسوزه بعد با فوم بشورم، این تجربه منه شاید برای یکی دیگه خوب بوده باشه,0,false,2026-04-11T02:38:54.0112771+03:30,ترکیبی,0.87,محصول | اصل بودن کالا | قیمت,محصول
میسلار واتر مناسب پوست های چرب و آکنه دار حجم 200 میلی لیتر,https://www.khanoumi.com/products/dafi-micellar-cleansing-water-for-oily-and-acne-skin-200ml-28463,"نسبت به قیمتش فکر نمی‌کردم انقدر خوب باشه
هم پاک کنندگی خوبی داره هم بوی خوبی می‌ده و اصلا الکلی نیست! با این‌که چشمای خیلی حساسی دارم اصلا چشم‌هامو نسوزوند",0,true,2026-04-10T08:42:39.0168601+03:30,مثبت,0.91,محصول | اصل بودن کالا | قیمت,محصول
میسلار واتر مناسب پوست های چرب و آکنه دار حجم 200 میلی لیتر,https://www.khanoumi.com/products/dafi-micellar-cleansing-water-for-oily-and-acne-skin-200ml-28463,نسبت ب قیمتش واقعا کارایی خیلی بهتری داره,0,false,2026-04-08T03:49:10.0404209+03:30,خنثی,0.35,محصول | قیمت,محصول
میسلار واتر مناسب پوست های چرب و آکنه دار حجم 200 میلی لیتر,https://www.khanoumi.com/products/dafi-micellar-cleansing-water-for-oily-and-acne-skin-200ml-28463,نسبت به قیمتش هم حجم خوبی داره هم پاک‌کنندگی‌ خوبی داشت امیدوارم این یکی رو گرون نکنن,0,true,2026-04-07T21:19:31.4844485+03:30,مثبت,0.79,قیمت | محصول,قیمت
میسلار واتر مناسب پوست های چرب و آکنه دار حجم 200 میلی لیتر,https://www.khanoumi.com/products/dafi-micellar-cleansing-water-for-oily-and-acne-skin-200ml-28463,پاک کنندگی و بوی خوبی داره . یه چیزی معمولی,0,true,2026-04-07T11:41:24.9468107+03:30,مثبت,0.67,محصول,محصول
میسلار واتر مناسب پوست های چرب و آکنه دار حجم 200 میلی لیتر,https://www.khanoumi.com/products/dafi-micellar-cleansing-water-for-oily-and-acne-skin-200ml-28463,"نسبت به قیمت خیلی کمی که داره خیلی خوبه
و پاک کنندگش عالیه..من دوباره میخرمش",0,true,2026-04-06T23:46:07.4548647+03:30,مثبت,0.95,قیمت,قیمت
میسلار واتر مناسب پوست های چرب و آکنه دار حجم 200 میلی لیتر,https://www.khanoumi.com/products/dafi-micellar-cleansing-water-for-oily-and-acne-skin-200ml-28463,من اولین بار بود خریدم خیلی راضیم مخصوصا برای وقتی که ریمل میریزه زیر چشم کامل پاک میکنه نسبت به قیمتش خیلی خوبه,0,false,2026-04-04T23:33:34.901107+03:30,مثبت,0.95,محصول | قیمت,محصول
میسلار واتر مناسب پوست های چرب و آکنه دار حجم 200 میلی لیتر,https://www.khanoumi.com/products/dafi-micellar-cleansing-water-for-oily-and-acne-skin-200ml-28463,دومین باره سفارش دادم اما ایندفعه بوی الکی داره و بسته بندیش اصلا خوب نیست نشتی داره اصلا نمیشه تو کیف گذاشت جایی برد,0,true,2026-04-04T16:22:12.0567048+03:30,منفی,0.91,تحویل و ارسال | محصول | اصل بودن کالا,اصل بودن کالا
میسلار واتر مناسب پوست های چرب و آکنه دار حجم 200 میلی لیتر,https://www.khanoumi.com/products/dafi-micellar-cleansing-water-for-oily-and-acne-skin-200ml-28463,"دافی رو چندین ساله استفاده میکنم
راضیم",0,true,2026-03-27T23:31:28.776175+03:30,مثبت,0.79,سایر,سایر
میسلار واتر مناسب پوست های چرب و آکنه دار حجم 200 میلی لیتر,https://www.khanoumi.com/products/dafi-micellar-cleansing-water-for-oily-and-acne-skin-200ml-28463,میسلار واتر خیلی خوبی با توجه به قیمتش ، من میکاپ سبک میکنم خیلی راضیم,0,false,2026-03-25T18:57:20.3912769+03:30,مثبت,0.95,قیمت,قیمت
میسلار واتر مناسب پوست های چرب و آکنه دار حجم 200 میلی لیتر,https://www.khanoumi.com/products/dafi-micellar-cleansing-water-for-oily-and-acne-skin-200ml-28463,نظراتوآدم میخونه انگارویزیتورن تامشتری اینقدرتبلیغ میکنن من ازاینجانخریدم ولی بااون دوستی ک گفت افتضاحه موافقم پوستم صاف بود چندباراستفاده کردم ککه زدب پوستم لک وآکنه وجوش زیرپوستی,0,false,2026-03-21T12:39:48.2084503+03:30,منفی,0.67,محصول,محصول
میسلار واتر مناسب پوست های چرب و آکنه دار حجم 200 میلی لیتر,https://www.khanoumi.com/products/dafi-micellar-cleansing-water-for-oily-and-acne-skin-200ml-28463,عالیه قشنگ کل پوست رو تمیز میکنه  چشمم نمیسوزه,0,true,2026-03-18T09:19:25.6854535+03:30,مثبت,0.79,محصول,محصول
میسلار واتر مناسب پوست های چرب و آکنه دار حجم 200 میلی لیتر,https://www.khanoumi.com/products/dafi-micellar-cleansing-water-for-oily-and-acne-skin-200ml-28463,"واقعا تمیز می‌کنه عمقی
برای چشم لب هم میشه
سوزش نداره باهاش جوش نزدم",0,true,2026-03-13T23:11:45.8643559+03:30,خنثی,0.35,سایر,سایر
میسلار واتر مناسب پوست های چرب و آکنه دار حجم 200 میلی لیتر,https://www.khanoumi.com/products/dafi-micellar-cleansing-water-for-oily-and-acne-skin-200ml-28463,خیلی عالی و قیمت مناسب ممنونم,0,true,2026-03-13T15:24:40.7208532+03:30,مثبت,0.79,قیمت,قیمت
میسلار واتر مناسب پوست های چرب و آکنه دار حجم 200 میلی لیتر,https://www.khanoumi.com/products/dafi-micellar-cleansing-water-for-oily-and-acne-skin-200ml-28463,جدا از قیمت و حجم خوبی که داره پاک کنندگی خوبی هم داره,0,true,2026-03-13T01:47:01.1944879+03:30,مثبت,0.79,محصول | قیمت,محصول
میسلار واتر مناسب پوست های چرب و آکنه دار حجم 200 میلی لیتر,https://www.khanoumi.com/products/dafi-micellar-cleansing-water-for-oily-and-acne-skin-200ml-28463,دفعه هفتم هست که شارژش کردم فقط تنها مشکلی که داره حجمش که یکم کم هست ولی خود محصول عالی عالی عالی,0,true,2026-03-12T17:44:52.1426856+03:30,مثبت,0.91,محصول,محصول
میسلار واتر مناسب پوست های چرب و آکنه دار حجم 200 میلی لیتر,https://www.khanoumi.com/products/dafi-micellar-cleansing-water-for-oily-and-acne-skin-200ml-28463,"دو سریه که شارژش میکنم
قدرت پاک کنندگی خوبی داره",0,true,2026-03-09T02:51:02.0678026+03:30,مثبت,0.67,سایر,سایر
میسلار واتر مناسب پوست های چرب و آکنه دار حجم 200 میلی لیتر,https://www.khanoumi.com/products/dafi-micellar-cleansing-water-for-oily-and-acne-skin-200ml-28463,پاکنندگی خوبی داره اما چشمو شدیدا میسوزونه ب حدی ک تا چشممو کامل تمییز نکنم از سوزش نمیتونم چشامو بار کنم,0,true,2026-03-07T02:40:28.3634173+03:30,مثبت,0.67,محصول,محصول
میسلار واتر مناسب پوست های چرب و آکنه دار حجم 200 میلی لیتر,https://www.khanoumi.com/products/dafi-micellar-cleansing-water-for-oily-and-acne-skin-200ml-28463,"واقعا خوب نیست دیگه این همه تعریف نمیدونم برای چیه 3 بار استفاده کردم تا مطمئن شم خوب نیست الکل خالص هست با اینکه پوستم به شدت چربه اما پوست و یه جوری خشک میکنه که متوجه میشی هم بوی الکل و هم مدل خشکی پوست 
نزنین پوستتون و بخاطر الکی بودنش چروک میکنه",0,false,2026-03-05T12:28:14.1881672+03:30,منفی,0.79,محصول,محصول
میسلار واتر مناسب پوست های چرب و آکنه دار حجم 200 میلی لیتر,https://www.khanoumi.com/products/dafi-micellar-cleansing-water-for-oily-and-acne-skin-200ml-28463,عالی بود پاک کنندگی خیلی خوبی داره .با توجه ب مختلط بودن پوستم ازش رضایت زیادی دارم,0,true,2026-02-26T08:24:36.4966969+03:30,مثبت,0.95,محصول,محصول
میسلار واتر مناسب پوست های چرب و آکنه دار حجم 200 میلی لیتر,https://www.khanoumi.com/products/dafi-micellar-cleansing-water-for-oily-and-acne-skin-200ml-28463,بینظیره فقط از همین برند میگیرم هربار,0,true,2026-02-23T15:32:24.4270092+03:30,خنثی,0.35,سایر,سایر
میسلار واتر مناسب پوست های چرب و آکنه دار حجم 200 میلی لیتر,https://www.khanoumi.com/products/dafi-micellar-cleansing-water-for-oily-and-acne-skin-200ml-28463,"بار دومه میگیرم،راضی ام 
چشم و اینارو نمیسوزونه،قدرت پاک کنندگیش هم اوکیه",0,true,2026-02-23T12:37:46.1738499+03:30,مثبت,0.79,سایر,سایر
میسلار واتر مناسب پوست های چرب و آکنه دار حجم 200 میلی لیتر,https://www.khanoumi.com/products/dafi-micellar-cleansing-water-for-oily-and-acne-skin-200ml-28463,"من خیلی حساسم روی خرید ها و به قدری کامنت میخونم که حد نداره ، و این محصول رو سفارش دادم و خیلی خوب بود 
پاک کنندگی عالی و عمقی برای پوست چرپ",0,true,2026-02-21T22:13:44.1195827+03:30,مثبت,0.95,محصول,محصول
میسلار واتر مناسب پوست های چرب و آکنه دار حجم 200 میلی لیتر,https://www.khanoumi.com/products/dafi-micellar-cleansing-water-for-oily-and-acne-skin-200ml-28463,خوب نبود بعد از استفاده کمدون زدم بوی خوبی ام نداشت,0,true,2026-02-18T23:09:35.6882516+03:30,منفی,0.67,محصول,محصول
میسلار واتر مناسب پوست های چرب و آکنه دار حجم 200 میلی لیتر,https://www.khanoumi.com/products/dafi-micellar-cleansing-water-for-oily-and-acne-skin-200ml-28463,"واقعا پاک کنندگی ش عالیه 
مخصوصا واسه رژ لب",0,true,2026-02-18T07:50:56.5915202+03:30,مثبت,0.79,سایر,سایر
میسلار واتر مناسب پوست های چرب و آکنه دار حجم 200 میلی لیتر,https://www.khanoumi.com/products/dafi-micellar-cleansing-water-for-oily-and-acne-skin-200ml-28463,نسبت به قیمتش پاک کنندگی خیلی خوبی داره و برای من نه باعث سوزش چشم شد و نه پوستم جوش زد با اینکه پوست من مستعد جوشه و به خیلی از محصولات حساسه. پیشنهادش میکنم.,0,true,2026-02-09T22:19:29.6641655+03:30,مثبت,0.91,محصول | قیمت,محصول
میسلار واتر مناسب پوست های چرب و آکنه دار حجم 200 میلی لیتر,https://www.khanoumi.com/products/dafi-micellar-cleansing-water-for-oily-and-acne-skin-200ml-28463,عالیه برای پوست چرب و جوش دار بامنافذ باز,0,true,2026-02-08T06:04:57.8874071+03:30,مثبت,0.79,محصول,محصول
میسلار واتر مناسب پوست های چرب و آکنه دار حجم 200 میلی لیتر,https://www.khanoumi.com/products/dafi-micellar-cleansing-water-for-oily-and-acne-skin-200ml-28463,پاک کنندگی قابل قبولی داره ولی یکم پوستو میسوزونه,0,true,2026-02-03T03:33:51.1231958+03:30,خنثی,0.35,محصول,محصول
میسلار واتر مناسب پوست های چرب و آکنه دار حجم 200 میلی لیتر,https://www.khanoumi.com/products/dafi-micellar-cleansing-water-for-oily-and-acne-skin-200ml-28463,عالی هست چشمو نمیسوزونه باعث جوش نمیشه و قدرت پاک کنندگی زیادی داره نسبت ب قیمتش خیلییییییی عالیه,0,true,2026-02-01T01:17:38.8910354+03:30,مثبت,0.91,محصول | قیمت,محصول
میسلار واتر مناسب پوست های چرب و آکنه دار حجم 200 میلی لیتر,https://www.khanoumi.com/products/dafi-micellar-cleansing-water-for-oily-and-acne-skin-200ml-28463,"بر خلاف بعضی نظرات که میگن بده ولی حرف نداره با یه پد سکه ای کل ارایش رو پاک و تمیز میکنه 
بوی خاصی هم نداره 
بازم تخفیف خوب داشته باشه میخرم",0,true,2026-01-31T08:47:14.6034509+03:30,ترکیبی,0.79,محصول | قیمت,محصول
میسلار واتر مناسب پوست های چرب و آکنه دار حجم 200 میلی لیتر,https://www.khanoumi.com/products/dafi-micellar-cleansing-water-for-oily-and-acne-skin-200ml-28463,پاک کنندگیش خوبه ، باعث کشیدگی پوست نمیشه ، خشک نمیکنه ، بوی تند و اذیت کننده هم نداره .در کل خیلی خوبه با در نظر گرفتن قیمتش.,0,true,2026-01-21T18:48:22.7018874+03:30,مثبت,0.91,محصول | قیمت,محصول
میسلار واتر مناسب پوست های چرب و آکنه دار حجم 200 میلی لیتر,https://www.khanoumi.com/products/dafi-micellar-cleansing-water-for-oily-and-acne-skin-200ml-28463,قبلا که استفاده کرده بودم خیلی پوستمو میسوزوند مخصوصا دور چشمم و خود چشمم، ولی الان انگار فرق‌کر‌ده ترکیباتش و عالیه بو هم نداره,0,true,2026-01-20T15:07:46.624176+03:30,خنثی,0.35,محصول,محصول
میسلار واتر مناسب پوست های چرب و آکنه دار حجم 200 میلی لیتر,https://www.khanoumi.com/products/dafi-micellar-cleansing-water-for-oily-and-acne-skin-200ml-28463,نسبت به قیمتش عالیه من خیلی راضیم,0,true,2026-01-20T00:51:28.6041791+03:30,مثبت,0.95,قیمت,قیمت
میسلار واتر مناسب پوست های چرب و آکنه دار حجم 200 میلی لیتر,https://www.khanoumi.com/products/dafi-micellar-cleansing-water-for-oily-and-acne-skin-200ml-28463,قبل از این از میسلار واتر ژیناژن استفاده میکردم و بنظرم اون خیلی بهتر از اینه و پاک کنندیش قوی‌تره.,0,true,2026-01-19T20:04:39.2883324+03:30,خنثی,0.35,سایر,سایر
میسلار واتر مناسب پوست های چرب و آکنه دار حجم 200 میلی لیتر,https://www.khanoumi.com/products/dafi-micellar-cleansing-water-for-oily-and-acne-skin-200ml-28463,پوست صورت منو به شدت سوزوند,0,true,2026-01-18T08:56:50.365171+03:30,خنثی,0.35,محصول,محصول
میسلار واتر مناسب پوست های چرب و آکنه دار حجم 200 میلی لیتر,https://www.khanoumi.com/products/dafi-micellar-cleansing-water-for-oily-and-acne-skin-200ml-28463,بهترین میسلار واتر هست,0,true,2026-01-07T00:29:19.4857167+03:30,مثبت,0.67,سایر,سایر
میسلار واتر مناسب پوست های خشک تا نرمال حجم 200 میلی لیتر,https://www.khanoumi.com/products/dafi-micellar-cleansing-water-for-dry-to-normal-skin-200ml-28464,خیلی خوب بود فقط چند ثانیه اول چش رو میسوزونه ولی در کل عالییی بود پیشنهاد میکنم,0,true,2026-08-25T17:39:45.6421153+03:30,مثبت,0.95,محصول,محصول
میسلار واتر مناسب پوست های خشک تا نرمال حجم 200 میلی لیتر,https://www.khanoumi.com/products/dafi-micellar-cleansing-water-for-dry-to-normal-skin-200ml-28464,خیلی خوب بود فقط چند ثانیه اول چشم رو میسوزونه ولی واقعا عالی بود,0,true,2026-08-25T17:37:07.7529969+03:30,مثبت,0.95,محصول,محصول
میسلار واتر مناسب پوست های خشک تا نرمال حجم 200 میلی لیتر,https://www.khanoumi.com/products/dafi-micellar-cleansing-water-for-dry-to-normal-skin-200ml-28464,خیلی راضیم پاکنندگی خوبی داره,0,true,2026-08-20T16:17:13.5977231+03:30,مثبت,0.91,سایر,سایر
میسلار واتر مناسب پوست های خشک تا نرمال حجم 200 میلی لیتر,https://www.khanoumi.com/products/dafi-micellar-cleansing-water-for-dry-to-normal-skin-200ml-28464,خیلی راضی بودم ممنون از خانومی,0,true,2026-08-12T10:35:05.9706578+03:30,مثبت,0.79,محصول,محصول
میسلار واتر مناسب پوست های خشک تا نرمال حجم 200 میلی لیتر,https://www.khanoumi.com/products/dafi-micellar-cleansing-water-for-dry-to-normal-skin-200ml-28464,من باهاش جوش زدم.,0,false,2026-08-02T13:46:59.8711782+03:30,خنثی,0.35,سایر,سایر
میسلار واتر مناسب پوست های خشک تا نرمال حجم 200 میلی لیتر,https://www.khanoumi.com/products/dafi-micellar-cleansing-water-for-dry-to-normal-skin-200ml-28464,"یکی نوشته بود که حس می‌کنه چسبنده می‌کنه پوست رو و نیاز داره که بشوره
خاستم بگم که کلا میسلار واتر قبل شستشوی اصلی صورته حتما باید بعدش با ژل شستشو صورت شسته شه",0,false,2026-07-25T17:56:54.3414983+03:30,مثبت,0.67,محصول | اصل بودن کالا,محصول
میسلار واتر مناسب پوست های خشک تا نرمال حجم 200 میلی لیتر,https://www.khanoumi.com/products/dafi-micellar-cleansing-water-for-dry-to-normal-skin-200ml-28464,"پوستمو چسبنده کرد. حالا شاید من بلد نیستم درست استفاده کنم...
حس می‌کنم باید برم با آب بشورم صورتمو. ولی خوب پاک کرد پوستمو.",0,true,2026-07-23T12:07:40.4407006+03:30,مثبت,0.67,محصول,محصول
میسلار واتر مناسب پوست های خشک تا نرمال حجم 200 میلی لیتر,https://www.khanoumi.com/products/dafi-micellar-cleansing-water-for-dry-to-normal-skin-200ml-28464,بوی خیلی ملایم و شیرینی داره که من خیلی خوشم اومد.چسبناک نیست که این بنظرم خودش یه پوئن مثبته. آرایش چشم الخصوص ریملو خوب پاک میکنه.,0,true,2026-07-20T22:46:53.6794725+03:30,مثبت,0.67,محصول,محصول
میسلار واتر مناسب پوست های خشک تا نرمال حجم 200 میلی لیتر,https://www.khanoumi.com/products/dafi-micellar-cleansing-water-for-dry-to-normal-skin-200ml-28464,خیلی عالی بازم شارژ میکنم,0,true,2026-07-10T22:13:49.6042841+03:30,مثبت,0.67,سایر,سایر
میسلار واتر مناسب پوست های خشک تا نرمال حجم 200 میلی لیتر,https://www.khanoumi.com/products/dafi-micellar-cleansing-water-for-dry-to-normal-skin-200ml-28464,از روی نظرات تهیه کردم خیلی خوب بود راضی بودم,0,true,2026-06-24T17:06:12.8549316+03:30,مثبت,0.95,محصول,محصول
میسلار واتر مناسب پوست های خشک تا نرمال حجم 200 میلی لیتر,https://www.khanoumi.com/products/dafi-micellar-cleansing-water-for-dry-to-normal-skin-200ml-28464,فقط یکی دوبار استفاده کردم ازش پوستم خشکه ولی این پوستمو اصلا خشک یا کشیده نکرد خییییلی قدرت پاک کنندگی بالایی داشت واقعا فکرشو نمیکردم انقدر قشنگ پاک کنه!! حجمش از چیزی که بنظر میومد کمتر بود ولی کاملا متناسب با قیمتشه دوسش دارم,0,true,2026-06-16T19:17:02.9696132+03:30,مثبت,0.67,محصول | اصل بودن کالا | قیمت,محصول
میسلار واتر مناسب پوست های خشک تا نرمال حجم 200 میلی لیتر,https://www.khanoumi.com/products/dafi-micellar-cleansing-water-for-dry-to-normal-skin-200ml-28464,من از این محصول راضی نیستم ، آرایشو کامل و تمیز پاک نمیکنه ، آرایش چشممو مجبورم با پاک کننده دیگه ای پاک کنم ، اگر آب به صورتم بخوره انگار آرایشم ثابت شده و امکان نداره پاک بشه ، در کل اصلااا راضی نیستم,0,true,2026-06-10T10:17:51.9865845+03:30,منفی,0.67,محصول | اصل بودن کالا,اصل بودن کالا
میسلار واتر مناسب پوست های خشک تا نرمال حجم 200 میلی لیتر,https://www.khanoumi.com/products/dafi-micellar-cleansing-water-for-dry-to-normal-skin-200ml-28464,اولین بار که خریدم فکر نمیکردم آنقدر خوب باشه ولی بار دوم هم خریدم نسبت به قیمتش واقعا خوبه و راضی ام,0,true,2026-06-09T16:46:40.1306397+03:30,مثبت,0.95,قیمت,قیمت
میسلار واتر مناسب پوست های خشک تا نرمال حجم 200 میلی لیتر,https://www.khanoumi.com/products/dafi-micellar-cleansing-water-for-dry-to-normal-skin-200ml-28464,خوبه راضیم ازش ولی درش یجوریه که یکم زیاد می‌ریزه ازش و یکم بوی الکل میده ولی پاک کنندگیش خوبه,0,true,2026-06-08T14:19:49.6911642+03:30,مثبت,0.95,محصول,محصول
میسلار واتر مناسب پوست های خشک تا نرمال حجم 200 میلی لیتر,https://www.khanoumi.com/products/dafi-micellar-cleansing-water-for-dry-to-normal-skin-200ml-28464,عالیه .. هرچی از خوبیش بگم کم گفتم,0,true,2026-05-14T14:23:08.394066+03:30,مثبت,0.91,سایر,سایر
میسلار واتر مناسب پوست های خشک تا نرمال حجم 200 میلی لیتر,https://www.khanoumi.com/products/dafi-micellar-cleansing-water-for-dry-to-normal-skin-200ml-28464,خیلی خوبه قدرت پاک کنندگی خوبی داره پیشنهاد میکنم,0,true,2026-05-11T17:51:09.2379754+03:30,مثبت,0.95,سایر,سایر
میسلار واتر مناسب پوست های خشک تا نرمال حجم 200 میلی لیتر,https://www.khanoumi.com/products/dafi-micellar-cleansing-water-for-dry-to-normal-skin-200ml-28464,خیلی عالیه  .بوی خوبی داره,0,true,2026-04-28T22:54:48.7310647+03:30,مثبت,0.91,محصول,محصول
میسلار واتر مناسب پوست های خشک تا نرمال حجم 200 میلی لیتر,https://www.khanoumi.com/products/dafi-micellar-cleansing-water-for-dry-to-normal-skin-200ml-28464,خوبه ولی میسلار میلکی دافی برای پوست خشک بهتره، اصلا احساس کشش و سوزش نداره,0,true,2026-04-27T01:14:02.9239428+03:30,مثبت,0.91,محصول | اصل بودن کالا,محصول
میسلار واتر مناسب پوست های خشک تا نرمال حجم 200 میلی لیتر,https://www.khanoumi.com/products/dafi-micellar-cleansing-water-for-dry-to-normal-skin-200ml-28464,"خیلی عالی بود 
با وجود اینکه یک برند ایرانیه خیلی عالی بود 
من خیلی راضی بودم 
ضد آب ترین مواد آرایشی رو هم به راحتی پاک میکنه",0,true,2026-04-24T16:47:43.7897008+03:30,مثبت,0.95,محصول,محصول
میسلار واتر مناسب پوست های خشک تا نرمال حجم 200 میلی لیتر,https://www.khanoumi.com/products/dafi-micellar-cleansing-water-for-dry-to-normal-skin-200ml-28464,خیلی خوبه نسبت ب قیمتش نهایت با 3 تا پد سکه ای با این محصول یه میکاپ سنگین رو میشه پاک کرد قدرت  پاک کنندگیش حرف نداره,0,true,2026-04-22T08:27:10.6254795+03:30,مثبت,0.91,محصول | قیمت,محصول
میسلار واتر مناسب پوست های خشک تا نرمال حجم 200 میلی لیتر,https://www.khanoumi.com/products/dafi-micellar-cleansing-water-for-dry-to-normal-skin-200ml-28464,پوست من نرماله، پاک کنندگیش خوبه ولی بعد از استفاده پوستم رو خشک میکنه,0,false,2026-04-20T17:48:39.3297013+03:30,مثبت,0.79,محصول,محصول
میسلار واتر مناسب پوست های خشک تا نرمال حجم 200 میلی لیتر,https://www.khanoumi.com/products/dafi-micellar-cleansing-water-for-dry-to-normal-skin-200ml-28464,عالیه و به پوست اسیب نمیزنه و چندمین باره که شارژش میکنم,0,false,2026-04-20T11:21:05.0979737+03:30,مثبت,0.79,محصول,محصول
میسلار واتر مناسب پوست های خشک تا نرمال حجم 200 میلی لیتر,https://www.khanoumi.com/products/dafi-micellar-cleansing-water-for-dry-to-normal-skin-200ml-28464,خیلی زود به دستم رسید راضی راضی بودم ازش ولی همون موقع که از جعبه دراوردمش ریخته بود و یزره اگه چپش کنی می‌ریزه,0,true,2026-04-08T11:23:01.5857289+03:30,مثبت,0.79,محصول | تحویل و ارسال,محصول
میسلار واتر مناسب پوست های خشک تا نرمال حجم 200 میلی لیتر,https://www.khanoumi.com/products/dafi-micellar-cleansing-water-for-dry-to-normal-skin-200ml-28464,صورت رو میسوزه,0,true,2026-04-07T19:27:46.2927805+03:30,خنثی,0.35,سایر,سایر
میسلار واتر مناسب پوست های خشک تا نرمال حجم 200 میلی لیتر,https://www.khanoumi.com/products/dafi-micellar-cleansing-water-for-dry-to-normal-skin-200ml-28464,به راحتی آرایش رو از پوست پاک میکنه بنظرم با این قیمت و این کارایی خیلی عالیه,0,true,2026-04-02T13:14:41.2167854+03:30,مثبت,0.79,محصول | قیمت,محصول
میسلار واتر مناسب پوست های خشک تا نرمال حجم 200 میلی لیتر,https://www.khanoumi.com/products/dafi-micellar-cleansing-water-for-dry-to-normal-skin-200ml-28464,"بر اساس نظرات مثبت خریدم اما آنچنان تعریفی نیست
قبلا میسلار واتر ویتالایر استفاده کردم رنگ ابی اون خیلی بهتر بود
اما نسبت به قیمتش خوبه",0,true,2026-03-29T12:44:05.3769688+03:30,مثبت,0.79,محصول | قیمت,محصول
میسلار واتر مناسب پوست های خشک تا نرمال حجم 200 میلی لیتر,https://www.khanoumi.com/products/dafi-micellar-cleansing-water-for-dry-to-normal-skin-200ml-28464,نسبت به قیمتش فوق العادسسسس,0,true,2026-03-27T20:13:02.0310938+03:30,خنثی,0.35,قیمت,قیمت
میسلار واتر مناسب پوست های خشک تا نرمال حجم 200 میلی لیتر,https://www.khanoumi.com/products/dafi-micellar-cleansing-water-for-dry-to-normal-skin-200ml-28464,چشم من رو خیلی اذیت میکنه من میسلار واتر گانیر مدل دوفاز استفاده کردم اون واقعا عالی بود,0,false,2026-03-25T19:45:20.991026+03:30,مثبت,0.79,محصول,محصول
میسلار واتر مناسب پوست های خشک تا نرمال حجم 200 میلی لیتر,https://www.khanoumi.com/products/dafi-micellar-cleansing-water-for-dry-to-normal-skin-200ml-28464,باعث جوش نشد برام ولی پوستو واقعا خشک می‌کنه انگار،بدنیست ولی دیگه نمیخرمش,0,true,2026-03-19T10:50:52.948281+03:30,مثبت,0.67,محصول,محصول
میسلار واتر مناسب پوست های خشک تا نرمال حجم 200 میلی لیتر,https://www.khanoumi.com/products/dafi-micellar-cleansing-water-for-dry-to-normal-skin-200ml-28464,راضیم ازش و بازهم شارژش میکنم .,0,false,2026-03-19T00:02:47.0697395+03:30,مثبت,0.79,سایر,سایر
میسلار واتر مناسب پوست های خشک تا نرمال حجم 200 میلی لیتر,https://www.khanoumi.com/products/dafi-micellar-cleansing-water-for-dry-to-normal-skin-200ml-28464,پاک کنندگی خوبی داره ، ولی برای من باعث جوش شد.,0,true,2026-03-13T13:31:26.2239045+03:30,مثبت,0.67,سایر,سایر
میسلار واتر مناسب پوست های خشک تا نرمال حجم 200 میلی لیتر,https://www.khanoumi.com/products/dafi-micellar-cleansing-water-for-dry-to-normal-skin-200ml-28464,"نسبت به قیمتش واقعا کیفیت خوبی داره و پاک کنندگیش خوبه 
با اینکه پوستم مختلطه، باعث جوش نشد برام",0,true,2026-03-12T16:28:02.3227286+03:30,مثبت,0.95,محصول | قیمت,محصول
میسلار واتر مناسب پوست های خشک تا نرمال حجم 200 میلی لیتر,https://www.khanoumi.com/products/dafi-micellar-cleansing-water-for-dry-to-normal-skin-200ml-28464,بهترین میسلار واتری بود که تاحالا خریدم، حتما بخریدش عمقی پوست رو تمیز میکنه قشنگ متوجه تمیز شدن پوستتون بعد پاک کردن باهاش میشین,0,true,2026-03-05T22:45:57.0733728+03:30,مثبت,0.67,محصول,محصول
میسلار واتر مناسب پوست های خشک تا نرمال حجم 200 میلی لیتر,https://www.khanoumi.com/products/dafi-micellar-cleansing-water-for-dry-to-normal-skin-200ml-28464,نسبت به قیمتش واقعا خوبه,0,true,2026-03-04T22:26:31.2464909+03:30,مثبت,0.79,قیمت,قیمت
میسلار واتر مناسب پوست های خشک تا نرمال حجم 200 میلی لیتر,https://www.khanoumi.com/products/dafi-micellar-cleansing-water-for-dry-to-normal-skin-200ml-28464,موقع استفاده پوست رو می‌سوزونه و باعث جوش شد. اگه پوست حساسی دارید نخرید,0,false,2026-02-20T20:57:58.0952745+03:30,خنثی,0.35,محصول,محصول
میسلار واتر مناسب پوست های خشک تا نرمال حجم 200 میلی لیتر,https://www.khanoumi.com/products/dafi-micellar-cleansing-water-for-dry-to-normal-skin-200ml-28464,این مدلش از صورتیه بهتره,0,true,2026-02-19T01:46:11.4272014+03:30,خنثی,0.35,سایر,سایر
میسلار واتر مناسب پوست های خشک تا نرمال حجم 200 میلی لیتر,https://www.khanoumi.com/products/dafi-micellar-cleansing-water-for-dry-to-normal-skin-200ml-28464,من از این میسلاواتر خیلی راضی ام نه پوستم رو خشک کرد نه بوی بدی داره ممنونم,0,true,2026-02-08T15:46:01.0849476+03:30,مثبت,0.79,محصول,محصول
میسلار واتر مناسب پوست های خشک تا نرمال حجم 200 میلی لیتر,https://www.khanoumi.com/products/dafi-micellar-cleansing-water-for-dry-to-normal-skin-200ml-28464,واقعا بهترین پاکنندگی داره ، بدون رایحه و اصلا پوست خشک یا چسبناک نمیکنه,0,true,2026-01-24T18:00:12.4763901+03:30,ترکیبی,0.74,محصول | اصل بودن کالا,محصول
میسلار واتر مناسب پوست های خشک تا نرمال حجم 200 میلی لیتر,https://www.khanoumi.com/products/dafi-micellar-cleansing-water-for-dry-to-normal-skin-200ml-28464,میشه بگید برای پوست مختلط‌ام اوکیه یا ن؟؟,0,false,2026-01-22T19:38:04.0748335+03:30,خنثی,0.35,محصول,محصول
میسلار واتر مناسب پوست های خشک تا نرمال حجم 200 میلی لیتر,https://www.khanoumi.com/products/dafi-micellar-cleansing-water-for-dry-to-normal-skin-200ml-28464,من پوست مختلطی دارم و از میسلار مخصوص پوست چرب استفاده میکردم که خیلی راضی بودم این دفعه مناسب پوست حساس رو گرفتم که بنظرم این هم خیلی خوبه و راضی کنندست.,0,true,2026-01-14T18:58:42.6980323+03:30,مثبت,0.95,محصول,محصول
میسلار واتر مناسب پوست های خشک تا نرمال حجم 200 میلی لیتر,https://www.khanoumi.com/products/dafi-micellar-cleansing-water-for-dry-to-normal-skin-200ml-28464,خداییش نسبت به قیمتش عالیه خیلی خوب آلودگی ها روبرمی داره وحس کشش نمیده به پوست وواقعا ارزش خرید داره,0,true,2026-01-12T15:44:35.9070783+03:30,مثبت,0.95,قیمت | محصول,قیمت
میسلار واتر مناسب پوست های خشک تا نرمال حجم 200 میلی لیتر,https://www.khanoumi.com/products/dafi-micellar-cleansing-water-for-dry-to-normal-skin-200ml-28464,من خودم پوست نسبتا خشکی دارم خیلی از میسلار دافی راضیم پاک کنندگی خوبی داره,0,true,2025-12-11T12:39:29.291791+03:30,مثبت,0.91,محصول,محصول
میسلار واتر مناسب پوست های خشک تا نرمال حجم 200 میلی لیتر,https://www.khanoumi.com/products/dafi-micellar-cleansing-water-for-dry-to-normal-skin-200ml-28464,خوبه من راضیم؛ پوست رو خشک و کشیده نمیکنه,0,false,2025-12-03T21:34:21.3054608+03:30,مثبت,0.95,محصول,محصول
میسلار واتر مناسب پوست های خشک تا نرمال حجم 200 میلی لیتر,https://www.khanoumi.com/products/dafi-micellar-cleansing-water-for-dry-to-normal-skin-200ml-28464,"پاک کنندگی خیلی خوبی داره 
چند ساله دارم ازش استفاده میکنم تا به امروز دچار حساسیت یا جوش نشدم",0,true,2025-12-01T15:27:23.9455716+03:30,مثبت,0.79,سایر,سایر
میسلار واتر مناسب پوست های خشک تا نرمال حجم 200 میلی لیتر,https://www.khanoumi.com/products/dafi-micellar-cleansing-water-for-dry-to-normal-skin-200ml-28464,عالیه,0,false,2025-11-27T12:21:21.7561873+03:30,مثبت,0.79,سایر,سایر
میسلار واتر مناسب پوست های خشک تا نرمال حجم 200 میلی لیتر,https://www.khanoumi.com/products/dafi-micellar-cleansing-water-for-dry-to-normal-skin-200ml-28464,من رنگ صورتیشو داشتم پاک کنندگی خوبی داشت فقط یکم پوست اطراف چشمو میسوزونه.اینم تست میکنم چون از یک برندن باید خوب باشه,0,true,2025-11-27T11:21:47.6338058+03:30,مثبت,0.79,محصول,محصول
میسلار واتر مناسب پوست های خشک تا نرمال حجم 200 میلی لیتر,https://www.khanoumi.com/products/dafi-micellar-cleansing-water-for-dry-to-normal-skin-200ml-28464,"خیلی وقته استفاده میکنم
خیلی خوب آرایش رو پاک می‌کنه .بدون سوزش چشم.
راضی هستم",0,true,2025-11-25T13:00:53.5950497+03:30,مثبت,0.79,سایر,سایر
میسلار واتر مناسب پوست های خشک تا نرمال حجم 200 میلی لیتر,https://www.khanoumi.com/products/dafi-micellar-cleansing-water-for-dry-to-normal-skin-200ml-28464,نصب به قیمت کیفیت خوبی داره،  برای پوست من مناسب بود,0,true,2025-11-20T00:00:29.3309211+03:30,مثبت,0.79,محصول | قیمت,محصول
میسلار واتر مناسب پوست های خشک تا نرمال حجم 200 میلی لیتر,https://www.khanoumi.com/products/dafi-micellar-cleansing-water-for-dry-to-normal-skin-200ml-28464,نسبت به قیمتش پاک کنندگی فوق العاده ای داره و پوست و نمیسوزونه.فقط یه خورده چشم میسوزه که اونم درحد چندثانیس.راضی بودم,0,true,2025-11-13T19:54:48.2255111+03:30,مثبت,0.79,محصول | قیمت,محصول
میسلار واتر مناسب پوست های خشک تا نرمال حجم 200 میلی لیتر,https://www.khanoumi.com/products/dafi-micellar-cleansing-water-for-dry-to-normal-skin-200ml-28464,سالهاس استفاده میکنم‌سنگین ترین آرایش هارو هم پاک میکنه بدون سوزش چشم بدون خشک کردن پوست بی نظیره ممنون از خانمی واسه تخفیفات عالی اش.,0,true,2025-11-12T20:04:02.5374652+03:30,منفی,0.79,محصول | قیمت,محصول
میسلار واتر مناسب پوست های خشک تا نرمال حجم 200 میلی لیتر,https://www.khanoumi.com/products/dafi-micellar-cleansing-water-for-dry-to-normal-skin-200ml-28464,"خیلی خوب بود
فک نمیکردم در ابن حد خوب باشه",0,true,2025-11-10T12:13:38.761722+03:30,منفی,0.79,محصول,محصول
میسلار واتر مناسب پوست های خشک تا نرمال حجم 200 میلی لیتر,https://www.khanoumi.com/products/dafi-micellar-cleansing-water-for-dry-to-normal-skin-200ml-28464,من میسلار پوست چربو استفاده کردم عالی بود،برای پاییزو زمستان که پوستم خشک میشه این میسلارو گرفتم، اینم عالیه,0,true,2025-11-09T20:10:12.5097895+03:30,مثبت,0.95,محصول,محصول
میسلار واتر مناسب پوست های خشک تا نرمال حجم 200 میلی لیتر,https://www.khanoumi.com/products/dafi-micellar-cleansing-water-for-dry-to-normal-skin-200ml-28464,پاک کنندگی عالی و قیمتشم خیلی نسبت ب کیفیت مناسبه,0,true,2025-11-06T09:33:46.9652799+03:30,مثبت,0.67,محصول | قیمت,محصول
میسلار واتر مناسب پوست های خشک تا نرمال حجم 200 میلی لیتر,https://www.khanoumi.com/products/dafi-micellar-cleansing-water-for-dry-to-normal-skin-200ml-28464,من مدتهاست استفاده می‌کنم راضی هستم,0,true,2025-10-19T23:45:58.3463109+03:30,مثبت,0.67,سایر,سایر
میسلار واتر مناسب پوست های خشک تا نرمال حجم 200 میلی لیتر,https://www.khanoumi.com/products/dafi-micellar-cleansing-water-for-dry-to-normal-skin-200ml-28464,اقتصادی و خوب,0,true,2025-10-09T09:10:10.8309051+03:30,مثبت,0.67,سایر,سایر
میسلار واتر مناسب پوست های خشک تا نرمال حجم 200 میلی لیتر,https://www.khanoumi.com/products/dafi-micellar-cleansing-water-for-dry-to-normal-skin-200ml-28464,خوبه مشکلی نداره پاک کنندگی خوبی داره,0,true,2025-10-09T09:09:35.8334271+03:30,مثبت,0.67,سایر,سایر
میسلار واتر مناسب پوست های خشک تا نرمال حجم 200 میلی لیتر,https://www.khanoumi.com/products/dafi-micellar-cleansing-water-for-dry-to-normal-skin-200ml-28464,"نسبت‌ به قیمتش خیلی خوبه 
من 2 سال دارم‌استفاده میکنم",0,true,2025-10-07T00:57:02.7673917+03:30,مثبت,0.91,قیمت,قیمت
میسلار واتر مناسب پوست های خشک تا نرمال حجم 200 میلی لیتر,https://www.khanoumi.com/products/dafi-micellar-cleansing-water-for-dry-to-normal-skin-200ml-28464,"آرایشو پاک میکنه ولی پوست دور چشمم بعد استفاده شروع به سوختن کرد طوری که سه مدل آبرسان و مرطوب کننده زدم تا بهتر شده
قبلا تاپ شاپ استفاده میکردم پاک کنندگیش کمتره اما اصلا نمیسوزونه",0,true,2025-09-24T18:56:57.2564018+03:30,منفی,0.67,محصول | اصل بودن کالا,اصل بودن کالا
میسلار واتر مناسب پوست های خشک تا نرمال حجم 200 میلی لیتر,https://www.khanoumi.com/products/dafi-micellar-cleansing-water-for-dry-to-normal-skin-200ml-28464,چشم میسوزونه یا نه ؟,0,false,2025-09-21T13:01:15.6261248+03:30,خنثی,0.35,سایر,سایر
میسلار واتر مناسب پوست های خشک تا نرمال حجم 200 میلی لیتر,https://www.khanoumi.com/products/dafi-micellar-cleansing-water-for-dry-to-normal-skin-200ml-28464,"یکمی پوستمو میسوزونه 
ولی پاک کنندگیش عالیه",0,true,2025-09-19T00:59:18.8413629+03:30,مثبت,0.79,محصول,محصول
میسلار واتر مناسب پوست های خشک تا نرمال حجم 200 میلی لیتر,https://www.khanoumi.com/products/dafi-micellar-cleansing-water-for-dry-to-normal-skin-200ml-28464,"این نظر برای اینه که بقیه هم بتونن خرید خوبی داشته باشن
چون من واقعا راضی بودم از دافی",0,true,2025-09-16T23:12:58.0636512+03:30,مثبت,0.79,محصول,محصول
میسلار واتر مناسب پوست های خشک تا نرمال حجم 200 میلی لیتر,https://www.khanoumi.com/products/dafi-micellar-cleansing-water-for-dry-to-normal-skin-200ml-28464,اولین باره ازیه میسلار راضی ام پوستمو نسوزوند چسبونکی نکرد کلا اذیت نشدم,0,true,2025-09-08T01:11:41.463413+03:30,مثبت,0.79,محصول,محصول
میسلار واتر مناسب پوست های خشک تا نرمال حجم 200 میلی لیتر,https://www.khanoumi.com/products/dafi-micellar-cleansing-water-for-dry-to-normal-skin-200ml-28464,من پوستم خیلی خشکه و واقعا عالی بود اصلا پوستو خشک نکرد وارایشم کامل پاک میکنه,0,true,2025-08-17T15:31:03.9709678+00:00,مثبت,0.91,محصول | اصل بودن کالا,محصول
میسلار واتر مناسب پوست های خشک تا نرمال حجم 200 میلی لیتر,https://www.khanoumi.com/products/dafi-micellar-cleansing-water-for-dry-to-normal-skin-200ml-28464,من و دوستم دوتا خریدیم خیلی راضی هستیم آرایش و در عرض سه سوت پاک می‌کنه از رو پوستتون,0,true,2025-08-11T05:02:03.8031643+00:00,مثبت,0.67,محصول,محصول
میسلار واتر مناسب پوست های خشک تا نرمال حجم 200 میلی لیتر,https://www.khanoumi.com/products/dafi-micellar-cleansing-water-for-dry-to-normal-skin-200ml-28464,نسبت به قیمتش ،خوبه و تمیز کنندی قابل قبولی داره,0,true,2025-08-07T14:20:32.0431456+00:00,مثبت,0.79,محصول | قیمت,محصول
میسلار واتر مناسب پوست های خشک تا نرمال حجم 200 میلی لیتر,https://www.khanoumi.com/products/dafi-micellar-cleansing-water-for-dry-to-normal-skin-200ml-28464,"عالیه برای پوست خشک
تاریخشم تا 2028",0,true,2025-08-02T05:39:39.9288207+00:00,مثبت,0.79,محصول,محصول
میسلار واتر مناسب پوست های خشک تا نرمال حجم 200 میلی لیتر,https://www.khanoumi.com/products/dafi-micellar-cleansing-water-for-dry-to-normal-skin-200ml-28464,خیلی خوبه خوب تمیز میکنه پوست رو هم خشک نمیکنه,0,true,2025-06-19T07:47:21.5986695+00:00,مثبت,0.95,محصول,محصول
میسلار واتر مناسب پوست های خشک تا نرمال حجم 200 میلی لیتر,https://www.khanoumi.com/products/dafi-micellar-cleansing-water-for-dry-to-normal-skin-200ml-28464,"قیمت عالی
کیفیت و پاک کنندگی عالی",0,true,2025-03-09T16:53:14.6341683+00:00,مثبت,0.79,محصول | قیمت,محصول
میسلار واتر مناسب پوست های خشک تا نرمال حجم 200 میلی لیتر,https://www.khanoumi.com/products/dafi-micellar-cleansing-water-for-dry-to-normal-skin-200ml-28464,با این که قیمتش پاین ولی نه پوست خشک میکنه نه حساسیت میده خیلیم پاک کنندگی خوبی داره,0,true,2025-02-26T06:48:22.880511+00:00,مثبت,0.67,محصول | قیمت,محصول
میسلار واتر مناسب پوست های خشک تا نرمال حجم 200 میلی لیتر,https://www.khanoumi.com/products/dafi-micellar-cleansing-water-for-dry-to-normal-skin-200ml-28464,من استفاده کردم راضیم. برای بار دوم شارژ کردم,0,true,2025-02-18T17:49:52.9539588+00:00,مثبت,0.79,سایر,سایر
میسلار واتر مناسب پوست های خشک تا نرمال حجم 200 میلی لیتر,https://www.khanoumi.com/products/dafi-micellar-cleansing-water-for-dry-to-normal-skin-200ml-28464,لطفاً موجودش کنید,0,false,2024-04-17T23:57:14+00:00,خنثی,0.35,محصول,محصول
میسلار واتر مناسب پوست های خشک تا نرمال حجم 200 میلی لیتر,https://www.khanoumi.com/products/dafi-micellar-cleansing-water-for-dry-to-normal-skin-200ml-28464,قدرت پاک کنندگیش از میسلار کامان کمتر بود و حجمش ام نسبت به اون کمتره من دوسش نداشتم تاثیر خاصی هم از نظر رطوبت رسانی و اینا نداره یکم حس سوزش طور خفیفی ایجاد میکنه واسه من خلاصه که خوب نبود از نظر من,0,false,2024-03-15T06:07:39+00:00,خنثی,0.4,محصول,محصول
میسلار واتر مناسب پوست های خشک تا نرمال حجم 200 میلی لیتر,https://www.khanoumi.com/products/dafi-micellar-cleansing-water-for-dry-to-normal-skin-200ml-28464,من پوستم یکم خشکه واقعا خوب پاک کرد و بوش هم ملایم بود. من برای چشم هم استفاده کردم و با اینکه چشمام حساسه ولی سوزش ایجاد نکرد، روی بقیه صورت هم حس کشیدگی نداشتم. از خریدم راضیم و دوباره تجدیدش میکنم حتما.,3,true,2023-06-15T22:45:57+00:00,مثبت,0.91,محصول,محصول
میسلار واتر مناسب پوست های خشک تا نرمال حجم 200 میلی لیتر,https://www.khanoumi.com/products/dafi-micellar-cleansing-water-for-dry-to-normal-skin-200ml-28464,به نسبت قیمتش خیلی پاک کنندگی عالی داره ،من راضی بودم,2,true,2023-01-26T22:23:48+00:00,مثبت,0.79,محصول | قیمت,محصول
میسلار واتر مناسب پوست های خشک تا نرمال حجم 200 میلی لیتر,https://www.khanoumi.com/products/dafi-micellar-cleansing-water-for-dry-to-normal-skin-200ml-28464,"من در خريد قبليم ميسلار واتر نئودرم خريدم و به شدت راضي بودم
ايندفعه كه ميخواستم خريد كنم گفتم به نظرات دقت كنم و نظرات ميسلار واتر دافي  رو ديدم كه خيلي خوب بود 
و خريد كردم و به شدت پشيمونم
اصلا ميسلار واتر خوبي نيست و به هيچ عنوان ارايش چشم رو درست پاك نميكنه و تمام چشم بعد كلي تميز كردن همچنان سياه هست
به هيچ عنوان نخريد
پوست رو بشدت ميسوزونه و خشك ميكنه",17,true,2022-01-20T22:22:20+00:00,ترکیبی,0.9,محصول | اصل بودن کالا,محصول
میسلار واتر مناسب پوست های خشک تا نرمال حجم 200 میلی لیتر,https://www.khanoumi.com/products/dafi-micellar-cleansing-water-for-dry-to-normal-skin-200ml-28464,پاک کنندگیش خوبه پوست و خشک نمیکنه,6,true,2021-05-27T17:04:09+00:00,مثبت,0.79,محصول,محصول
میسلار واتر مناسب پوست های خشک تا نرمال حجم 200 میلی لیتر,https://www.khanoumi.com/products/dafi-micellar-cleansing-water-for-dry-to-normal-skin-200ml-28464,خیلی خوبه .اصلا پوست و خشک نمی کنه,7,false,2021-01-14T23:48:08+00:00,مثبت,0.95,محصول | اصل بودن کالا,محصول
میسلار واتر مناسب پوست های خشک تا نرمال حجم 200 میلی لیتر,https://www.khanoumi.com/products/dafi-micellar-cleansing-water-for-dry-to-normal-skin-200ml-28464,عالیه واقعا خیلی خوبه. دوثانیه نگهش داری کامل آرایشو پاک میکنه. حتما دفعه بعد هم همینو سفارش میدم. فقط اگه گرونتر نشه و همین قیمت بمونه میشه گفت ارزش داره,14,true,2020-10-31T13:24:55+00:00,مثبت,0.95,قیمت | محصول,قیمت
میسلار واتر مناسب پوست های خشک تا نرمال حجم 200 میلی لیتر,https://www.khanoumi.com/products/dafi-micellar-cleansing-water-for-dry-to-normal-skin-200ml-28464,من دارمش خوبه و راضیم,5,false,2020-10-30T13:36:58+00:00,مثبت,0.95,سایر,سایر
میسلار واتر مناسب پوست های خشک تا نرمال حجم 200 میلی لیتر,https://www.khanoumi.com/products/dafi-micellar-cleansing-water-for-dry-to-normal-skin-200ml-28464,من خیلی راضی بودم بار سومه که خریداری میکنم,6,false,2020-08-12T21:40:32+00:00,مثبت,0.67,محصول,محصول
میسلار واتر مناسب پوست های خشک تا نرمال حجم 200 میلی لیتر,https://www.khanoumi.com/products/dafi-micellar-cleansing-water-for-dry-to-normal-skin-200ml-28464,برای پوست های خیلی خشک هم خوبه!!,2,false,2020-08-11T14:24:20+00:00,مثبت,0.79,محصول,محصول
میسلار واتر مناسب پوست های خشک تا نرمال حجم 200 میلی لیتر,https://www.khanoumi.com/products/dafi-micellar-cleansing-water-for-dry-to-normal-skin-200ml-28464,میسلار خوبی هست و من راضیم . اصلا پوست رو خشک نمیکنه و 99 درصد هم ابرسانی میکنه . ,6,true,2020-06-27T11:05:09+00:00,مثبت,0.95,محصول | اصل بودن کالا,محصول
کرم مرطوب کننده دست و صورت با رایحه آلوئه ورا 75 میل,https://www.khanoumi.com/products/silcare-aloe-vera-hand-and-face-cream-75ml-28465,کرم خیلی خوبیه بوش عالیه و خیلی نرم و لطیفه,0,false,2025-01-22T12:11:29.760487+00:00,مثبت,0.95,محصول,محصول
کرم مرطوب کننده دست و صورت با رایحه شیر و عسل 75 میل,https://www.khanoumi.com/products/silcare-honey-and-milk-hand-and-face-cream-75ml-28466,اصلا خوب نبود,0,false,2025-11-17T20:17:51.0862615+03:30,خنثی,0.4,محصول | اصل بودن کالا,محصول
کرم مرطوب کننده دست و صورت با رایحه شکلات و نارگیل 75 میل,https://www.khanoumi.com/products/silcare-chocolate-hand-and-face-cream-75ml-28467,بوش بده واقعا,0,true,2025-10-29T00:03:29.0658811+03:30,منفی,0.79,محصول,محصول
کرم مرطوب کننده دست و صورت با رایحه شکلات و نارگیل 75 میل,https://www.khanoumi.com/products/silcare-chocolate-hand-and-face-cream-75ml-28467,مرطوب کنندگیش خوب بود ولی اصلا بوی نارگیل و شکلات نمی داد . بوی روغن زیتون و رایحه ای از چوب داشت,0,true,2025-06-16T20:30:18.3502231+00:00,مثبت,0.91,محصول | اصل بودن کالا,محصول
کانسیلر SPF 20,https://www.khanoumi.com/products/inlay-concealer-28468,من که عاشقش شدم.تو تخفیف خریدم قبلا تعریفشو شنیده بودم وقتی استفاده کردم دیدم بعله تعریفی هم هست،پکیجینگ عالی و منحصر به فرد.راحت بلیند میشه.سبکه و برای من هیچ عارضه ایی نداشته.کاورش پائینه.اگر اهل میکاپای سنگین نیستی عالیه,0,true,2025-09-15T01:19:49.5765568+03:30,منفی,0.67,محصول | قیمت,محصول
کانسیلر SPF 20,https://www.khanoumi.com/products/inlay-concealer-28468,اصلا کاور نداره و زیر چشم بیشتر طوسی میشه,0,true,2025-08-31T10:04:39.9149994+03:30,منفی,0.67,اصل بودن کالا,اصل بودن کالا
کانسیلر SPF 20,https://www.khanoumi.com/products/inlay-concealer-28468,افتضاحه اصلا کاور نداره مثل اب میمونه برق میندازه زیر چشم در کل اصلا توصیه نمیکنم,0,false,2025-06-23T09:06:38.3486907+00:00,منفی,0.95,اصل بودن کالا | محصول,اصل بودن کالا
کانسیلر SPF 20,https://www.khanoumi.com/products/inlay-concealer-28468,یه کاور سبک و خیلی خوب داره برای استفاده ی روزانه عالیه ، من از زمانی که این محصول لانچ شده دارم استفاده میکنم و واقعا راضی ام,0,true,2025-05-31T20:27:01.2958147+00:00,مثبت,0.95,محصول,محصول
کانسیلر SPF 20,https://www.khanoumi.com/products/inlay-concealer-28468,خیلی بد بود اصلا کاور نداشت بسیار چرب بود و اینکه سر یک ماه تموم‌شد با اینکه استفاده زیادی نشده بود,0,true,2024-12-14T10:00:06.252184+00:00,منفی,0.91,محصول | اصل بودن کالا,اصل بودن کالا
کانسیلر SPF 20,https://www.khanoumi.com/products/inlay-concealer-28468,اصلا کاور نداره و خیلی چربه,0,false,2024-11-25T19:23:07.3430311+00:00,منفی,0.67,اصل بودن کالا,اصل بودن کالا
کانسیلر SPF 20,https://www.khanoumi.com/products/inlay-concealer-28468,از نظر ظاهری خیلی عالیه ولی کیفیت خود محصول اصلا خوب نیست,0,false,2024-11-25T11:42:50.8987285+00:00,خنثی,0.35,محصول | اصل بودن کالا,محصول
کانسیلر SPF 20,https://www.khanoumi.com/products/inlay-concealer-28468,کاور خوبی ندارع,0,true,2024-10-11T17:39:06.8031803+00:00,مثبت,0.67,سایر,سایر
کانسیلر SPF 20,https://www.khanoumi.com/products/inlay-concealer-28468,"اصلا کاور خوبی نداره حتی با کرم پودر هم باز زیر چشم تیره است اصلا پیشنهاد نمیکنم 
مناسب پوست چرب هم نیست چون خودش چربه",0,true,2024-07-16T02:48:48+00:00,خنثی,0.35,محصول | اصل بودن کالا,محصول
کانسیلر SPF 20,https://www.khanoumi.com/products/inlay-concealer-28468,کاور زیادی نداره خیلی سبکه اصلا لای خطوط  نمیره برای مصرف روزانه است مثلا با ضدافتاب رنگی که به صورت میزنید خوبه ,0,true,2024-06-02T22:00:49+00:00,مثبت,0.91,محصول | اصل بودن کالا,محصول
کانسیلر SPF 20,https://www.khanoumi.com/products/inlay-concealer-28468,برای سیاهی زیر چشم خوب نیست خاکستری میکنه زیر چشم و و میره زیر چروک های پوست جمع میشه ,0,false,2024-05-17T15:40:52+00:00,منفی,0.67,محصول,محصول
کانسیلر SPF 20,https://www.khanoumi.com/products/inlay-concealer-28468,کاور پایینی داره اگه لک یا سیاهی زیر چشم زیادی دارید بدردتون نمیخوره ولی برای من دقیقا رنگ پوستمه خیلی وقته استفاده میکنم کاملا راضیم ولی سریع خشک میشه و مات هست باید همون موقع که زدید بِلِندش کنید در نهایت اصلا معلوم نیست که کانسیلر زدید کاملا طبیعی هست من که خیلی راضیم برای کسایی که ارایش نچرال دوست دارن خوبه,0,true,2024-04-04T11:07:36+00:00,مثبت,0.95,محصول | اصل بودن کالا,محصول
کانسیلر SPF 20,https://www.khanoumi.com/products/inlay-concealer-28468,پوشانندگیه خوبی برای جوش و لک داره ولی برای سیاهی زیر چشم خوب نیست,0,true,2023-11-21T08:30:13+00:00,خنثی,0.35,سایر,سایر
کانسیلر SPF 20,https://www.khanoumi.com/products/inlay-concealer-28468,کانسیلر این لی دارای بافتی سبک و پوشانندگی بالاست. این محصول به دلیل داشتن SPF از پوست شما دربرابر اشعه های مضر محافظت کرده و از خشکی و چروک پوست نیز محافظت می کند. این کانسیلر دارای خاصیت رطوبت رسانی نیز هست. این محصول برای استفاده روزانه مناسب بوده و با انواع پوست نیز سازگار است. ,10,false,2022-12-03T08:55:53+00:00,خنثی,0.35,محصول,محصول
کانسیلر SPF 20,https://www.khanoumi.com/products/inlay-concealer-28468,اصلا خوب پخش نمیشه و هیچ کاوری نداره افتضاح,29,true,2022-04-19T00:22:59+00:00,مثبت,0.67,اصل بودن کالا,اصل بودن کالا
کانسیلر SPF 20,https://www.khanoumi.com/products/inlay-concealer-28468,اصلا به درد نمیخوره حتی یبار هم نتونستم ازش استفاده کنم هیچ کاوری نداره خشک هم هست,45,true,2020-08-10T21:37:34+00:00,منفی,0.67,اصل بودن کالا,اصل بودن کالا
کانسیلر SPF 20,https://www.khanoumi.com/products/inlay-concealer-28468,اصلا کاور خوبی نداره و چروک ها کاملا مشخص میشه پیشنهاد نمیکنم,30,true,2020-08-04T23:53:34+00:00,منفی,0.67,اصل بودن کالا,اصل بودن کالا
کانسیلر SPF 20,https://www.khanoumi.com/products/inlay-concealer-28468,اصلا خوب نیست چون کاورش خیللللی کمه و اینکه بلافاصله بعد این که میزنی باید بلند کنی وگرنه خشک میشه بلند کردنش سخت میشه درکل اصلا راضی نبودم ,19,true,2020-07-30T11:04:25+00:00,منفی,0.91,اصل بودن کالا | محصول,اصل بودن کالا
کانسیلر SPF 20,https://www.khanoumi.com/products/inlay-concealer-28468,کاور خیلی خوبی داره ولی  برای آرایش های لایت و سبک مناسبه خیلی خوب بلند میشه خیلی سبکه و ماندگاری خوبی  داره,5,false,2020-06-17T06:13:34+00:00,مثبت,0.95,محصول,محصول
کانسیلر SPF 20,https://www.khanoumi.com/products/inlay-concealer-28468,"اصلا خوب نیس
هیچ کاوری نداره
خیلی هم خشکه",6,true,2020-06-01T12:08:00+00:00,مثبت,0.79,اصل بودن کالا,اصل بودن کالا
کانسیلر SPF 20,https://www.khanoumi.com/products/inlay-concealer-28468,"براي زير چشم تيره خيلي كاور نداره به نظر من حتي برا استفاده روزانه هم خوب نيست ولي براي روي جوش و لك صورت خوبه 
ماندگاريش هم متوسطه 
مقدارش هم تقريبا كمه",4,false,2020-05-29T02:23:36+00:00,مثبت,0.67,محصول,محصول
کانسیلر SPF 20,https://www.khanoumi.com/products/inlay-concealer-28468,واااای خدا عاشقشم. بهترین کانسیلری بوده که گرفتم تو حدود این قیمتا.,4,true,2020-05-15T03:26:35+00:00,مثبت,0.79,محصول | قیمت,محصول
کانسیلر SPF 20,https://www.khanoumi.com/products/inlay-concealer-28468,"من شماره ۰۲ رو خریدم خیلی راضیم
من کلا عاشق همه محصولات این‌لی هستم
هم سبکن هم فاقد سرب 
ولی ای کاش تنوع محصولاتش بیشتر بود
من دلم میخواد همه‌شونو بخرم 😻",12,false,2020-05-05T08:36:26+00:00,مثبت,0.79,محصول,محصول
میسلار واتر مناسب پوست های چرب و آکنه دار حجم 200 میلی لیتر,https://www.khanoumi.com/products/dafi-micellar-cleansing-water-for-oily-and-acne-skin-200ml-28463,خوبه ولی مناسب دور چشم نیست پوست اطراف چشم رو میسوزونه,0,true,2026-01-06T15:04:07.422035+03:30,مثبت,0.79,محصول,محصول
میسلار واتر مناسب پوست های چرب و آکنه دار حجم 200 میلی لیتر,https://www.khanoumi.com/products/dafi-micellar-cleansing-water-for-oily-and-acne-skin-200ml-28463,خیلی با کیفیته از هیچ میسلاری در این حد راضی نبودم,0,true,2026-01-03T16:19:52.4696287+03:30,منفی,0.67,محصول,محصول
میسلار واتر مناسب پوست های چرب و آکنه دار حجم 200 میلی لیتر,https://www.khanoumi.com/products/dafi-micellar-cleansing-water-for-oily-and-acne-skin-200ml-28463,خوب بود,0,true,2025-12-27T07:55:07.7814143+03:30,مثبت,0.79,محصول,محصول
میسلار واتر مناسب پوست های چرب و آکنه دار حجم 200 میلی لیتر,https://www.khanoumi.com/products/dafi-micellar-cleansing-water-for-oily-and-acne-skin-200ml-28463,همیشه تو سبد خریدمه واقعا بهترین ولی برای ارایش چشم بهتره ب جای این از میسلار مخصوص چشم استفاده بشه,0,true,2025-12-26T23:22:12.8088609+03:30,ترکیبی,0.71,سایر,سایر
میسلار واتر مناسب پوست های چرب و آکنه دار حجم 200 میلی لیتر,https://www.khanoumi.com/products/dafi-micellar-cleansing-water-for-oily-and-acne-skin-200ml-28463,عالیه چشم و نمیسوزونه و پوست رو خشک نمیکنه و باعث جوش نمیشه,0,true,2025-12-26T14:55:04.2533252+03:30,منفی,0.79,محصول,محصول
میسلار واتر مناسب پوست های چرب و آکنه دار حجم 200 میلی لیتر,https://www.khanoumi.com/products/dafi-micellar-cleansing-water-for-oily-and-acne-skin-200ml-28463,سلام خیلی عالی ، بدون سوزش چشم ها ، پاک کننده خوبی و اثر آرایش نمی‌مونه ،ارزش خرید بالا,0,true,2025-12-24T17:56:44.3250547+03:30,ترکیبی,0.66,محصول | قیمت,محصول
میسلار واتر مناسب پوست های چرب و آکنه دار حجم 200 میلی لیتر,https://www.khanoumi.com/products/dafi-micellar-cleansing-water-for-oily-and-acne-skin-200ml-28463,باورم نمیشه از همه میسلار واتر هایی که گرفته بودم بهتر بود و اصلا چشمم رو نمیسوزوند,0,true,2025-12-24T02:25:11.1457528+03:30,مثبت,0.67,محصول | اصل بودن کالا,محصول
میسلار واتر مناسب پوست های چرب و آکنه دار حجم 200 میلی لیتر,https://www.khanoumi.com/products/dafi-micellar-cleansing-water-for-oily-and-acne-skin-200ml-28463,کیفیتش عالیه چشمو نمیسوزونه,0,true,2025-12-20T23:45:12.1593519+03:30,منفی,0.79,محصول,محصول
میسلار واتر مناسب پوست های چرب و آکنه دار حجم 200 میلی لیتر,https://www.khanoumi.com/products/dafi-micellar-cleansing-water-for-oily-and-acne-skin-200ml-28463,خیلی خوبه,0,true,2025-12-18T17:16:34.8127629+03:30,مثبت,0.91,سایر,سایر
میسلار واتر مناسب پوست های چرب و آکنه دار حجم 200 میلی لیتر,https://www.khanoumi.com/products/dafi-micellar-cleansing-water-for-oily-and-acne-skin-200ml-28463,"خیلی با کیفیت هست 
من چندین بار استفاده کردم
بوی خوبی داره ، تمیزکنندگی خوبی داره 
ممنون از خانومی",0,true,2025-12-17T10:57:37.0507112+03:30,مثبت,0.91,محصول,محصول
میسلار واتر مناسب پوست های چرب و آکنه دار حجم 200 میلی لیتر,https://www.khanoumi.com/products/dafi-micellar-cleansing-water-for-oily-and-acne-skin-200ml-28463,بسیار خوش بو و باکیفیت,0,true,2025-12-12T17:56:41.3498526+03:30,خنثی,0.35,محصول,محصول
میسلار واتر مناسب پوست های چرب و آکنه دار حجم 200 میلی لیتر,https://www.khanoumi.com/products/dafi-micellar-cleansing-water-for-oily-and-acne-skin-200ml-28463,خیلی خوبه 7 بار تمدیدش کردم پاک کنندگی خوبی داره وبرای پوست مختلط وچرب گزینه ی مناسبی هست,0,true,2025-12-12T15:34:34.7596514+03:30,مثبت,0.95,محصول,محصول
میسلار واتر مناسب پوست های چرب و آکنه دار حجم 200 میلی لیتر,https://www.khanoumi.com/products/dafi-micellar-cleansing-water-for-oily-and-acne-skin-200ml-28463,قدرت پاک کنندگی بالایی داره قیمتشم خوبه من راضی بودم,0,true,2025-12-10T15:00:00.3096809+03:30,مثبت,0.91,محصول | قیمت,محصول
میسلار واتر مناسب پوست های چرب و آکنه دار حجم 200 میلی لیتر,https://www.khanoumi.com/products/dafi-micellar-cleansing-water-for-oily-and-acne-skin-200ml-28463,من که خیلی راضی ام,0,true,2025-12-09T11:38:39.5898901+03:30,مثبت,0.79,سایر,سایر
میسلار واتر مناسب پوست های چرب و آکنه دار حجم 200 میلی لیتر,https://www.khanoumi.com/products/dafi-micellar-cleansing-water-for-oily-and-acne-skin-200ml-28463,بهترینه عاشقشم حتی بنظرم از ویتالیر و لافارر هم بهتره با اینکه قیمتش کمتره و پلک کنندگی بالایی داره پوستم خشک نمیکنه و اصلا سوزش نمیاره,0,true,2025-12-08T01:12:50.1484398+03:30,مثبت,0.67,محصول | اصل بودن کالا | قیمت,محصول
میسلار واتر مناسب پوست های چرب و آکنه دار حجم 200 میلی لیتر,https://www.khanoumi.com/products/dafi-micellar-cleansing-water-for-oily-and-acne-skin-200ml-28463,من راضی بودم با اینکه پوست حساسی داشتم هیچ مشکلی خداروشکر پیش نیاورد برام,0,true,2025-12-07T16:39:32.3285231+03:30,مثبت,0.67,محصول,محصول
میسلار واتر مناسب پوست های چرب و آکنه دار حجم 200 میلی لیتر,https://www.khanoumi.com/products/dafi-micellar-cleansing-water-for-oily-and-acne-skin-200ml-28463,من تا الان سه باره از این میسلار استفاده میکنم و عالیه و این سومی رو از خانومی گرفتم و راضی بودم، سالم ب دستم رسید,0,true,2025-12-07T03:30:56.4730987+03:30,مثبت,0.91,محصول | تحویل و ارسال,محصول
میسلار واتر مناسب پوست های چرب و آکنه دار حجم 200 میلی لیتر,https://www.khanoumi.com/products/dafi-micellar-cleansing-water-for-oily-and-acne-skin-200ml-28463,امروز به دست من رسید و واقعا عالی بود ممنون از خانمی,0,true,2025-12-06T18:33:05.1352809+03:30,مثبت,0.67,محصول | تحویل و ارسال,محصول
میسلار واتر مناسب پوست های چرب و آکنه دار حجم 200 میلی لیتر,https://www.khanoumi.com/products/dafi-micellar-cleansing-water-for-oily-and-acne-skin-200ml-28463,حجمش مناسبه و راحت ارایش رو پاک میکنه حتما دوباره شارژش میکنم,0,true,2025-12-05T13:24:10.7240066+03:30,خنثی,0.35,محصول,محصول
میسلار واتر مناسب پوست های چرب و آکنه دار حجم 200 میلی لیتر,https://www.khanoumi.com/products/dafi-micellar-cleansing-water-for-oily-and-acne-skin-200ml-28463,بار دومه میخرم از میسلار لافارر بیشتر دوسش دارم,0,true,2025-12-03T13:28:57.0372161+03:30,خنثی,0.35,سایر,سایر
میسلار واتر مناسب پوست های چرب و آکنه دار حجم 200 میلی لیتر,https://www.khanoumi.com/products/dafi-micellar-cleansing-water-for-oily-and-acne-skin-200ml-28463,من سفارش دادم تو بسته بندی خیلی شیک سالم بعلاوه خریدم یه هدیه پک نوار بهداشتی هم بهم دادن از سایت خانومی تشکر میکنم بابت لوازم های باکیفیتشون و هدیه شون,0,true,2025-12-01T08:48:51.7434505+03:30,خنثی,0.35,تحویل و ارسال | محصول,تحویل و ارسال
میسلار واتر مناسب پوست های چرب و آکنه دار حجم 200 میلی لیتر,https://www.khanoumi.com/products/dafi-micellar-cleansing-water-for-oily-and-acne-skin-200ml-28463,در یک کلام عالیه چن باره دارم شارژ میکنم قیمتشم واقعا مناسبه,0,true,2025-11-29T12:45:37.6285625+03:30,مثبت,0.79,قیمت,قیمت
میسلار واتر مناسب پوست های چرب و آکنه دار حجم 200 میلی لیتر,https://www.khanoumi.com/products/dafi-micellar-cleansing-water-for-oily-and-acne-skin-200ml-28463,پوستمو میسوزونه راضی نیستم,0,false,2025-11-28T11:55:08.6831208+03:30,منفی,0.67,محصول,محصول
میسلار واتر مناسب پوست های چرب و آکنه دار حجم 200 میلی لیتر,https://www.khanoumi.com/products/dafi-micellar-cleansing-water-for-oily-and-acne-skin-200ml-28463,پوست من مختلطه و به شدت پوستم رو خشک میکنه و احساس کشیدگی میکنم اما پاک کنندگیش خوبه و چشم رو نمیسوزونه,0,true,2025-11-27T23:44:42.6369086+03:30,مثبت,0.79,محصول,محصول
میسلار واتر مناسب پوست های چرب و آکنه دار حجم 200 میلی لیتر,https://www.khanoumi.com/products/dafi-micellar-cleansing-water-for-oily-and-acne-skin-200ml-28463,نسبت به قیمتش ک پایینه خوب عمل میکنه.پاک کنندگیش خیلی خوبه.فقط یکم پوست دور چشمم رو میسوزونه,0,true,2025-11-27T11:24:59.3205721+03:30,مثبت,0.95,محصول | قیمت,محصول
میسلار واتر مناسب پوست های چرب و آکنه دار حجم 200 میلی لیتر,https://www.khanoumi.com/products/dafi-micellar-cleansing-water-for-oily-and-acne-skin-200ml-28463,خیلی خوب بود و راضیم و تو سبد خریدم هست,0,true,2025-11-23T12:14:29.8581805+03:30,مثبت,0.95,محصول,محصول
میسلار واتر مناسب پوست های چرب و آکنه دار حجم 200 میلی لیتر,https://www.khanoumi.com/products/dafi-micellar-cleansing-water-for-oily-and-acne-skin-200ml-28463,واقعا راضیم ازش جوری ک قبل این لافارر داشتم میتونم بگم در حد لافارر هستش با این وجود ک کمتر چشمو میسوزنه,0,true,2025-11-23T03:52:18.9835509+03:30,مثبت,0.79,محصول,محصول
میسلار واتر مناسب پوست های چرب و آکنه دار حجم 200 میلی لیتر,https://www.khanoumi.com/products/dafi-micellar-cleansing-water-for-oily-and-acne-skin-200ml-28463,در یک کلام افتضاحه. با اینکه چشم های حساسی ندارم به سدت چشمامو سوزند و قرمز کرد. پوست دور چشمم هم با اینکه در کل حساس نیست اما با این محصول خیلی سوخت و قرمز شد کلشو انداختم دور,0,true,2025-11-21T10:23:58.5259037+03:30,منفی,0.67,محصول,محصول
میسلار واتر مناسب پوست های چرب و آکنه دار حجم 200 میلی لیتر,https://www.khanoumi.com/products/dafi-micellar-cleansing-water-for-oily-and-acne-skin-200ml-28463,کیفیت خوبی داره راحت پاک میکنه. من قبلاً از هیدرودرم استفاده کرده بودم که چشم رو خیلی میسوزند و لب رو خشک خشک میکرد ولی این خوبه,0,true,2025-11-18T15:35:15.6194097+03:30,مثبت,0.95,محصول,محصول
میسلار واتر مناسب پوست های چرب و آکنه دار حجم 200 میلی لیتر,https://www.khanoumi.com/products/dafi-micellar-cleansing-water-for-oily-and-acne-skin-200ml-28463,واقعا هرچی درموردش گفتن درسته، عالی پاک میکنه، سوزشی هم که دوستان میگن در ناحیه چشم میگیرن بخاطر کشیدن زیاد پد روش چشمشون هست، 3 ثانیه نگه دارید بعد بکشید و دوباره تکرار کنید، تند تند نکشید به چشمتون,0,true,2025-11-17T10:23:24.100379+03:30,مثبت,0.67,محصول,محصول
میسلار واتر مناسب پوست های چرب و آکنه دار حجم 200 میلی لیتر,https://www.khanoumi.com/products/dafi-micellar-cleansing-water-for-oily-and-acne-skin-200ml-28463,نسبت به قیمتش خوبه ن خیلی خفنه ن خیلی بده کاراییش نسبت به قیمتشه حتی شاید کمی از قیمتش هم بهتر کار می‌کنه,0,false,2025-11-16T22:38:54.0756075+03:30,ترکیبی,0.9,قیمت | محصول,قیمت
میسلار واتر مناسب پوست های چرب و آکنه دار حجم 200 میلی لیتر,https://www.khanoumi.com/products/dafi-micellar-cleansing-water-for-oily-and-acne-skin-200ml-28463,خوب بود,0,false,2025-11-15T21:30:25.1640926+03:30,مثبت,0.79,محصول,محصول
میسلار واتر مناسب پوست های چرب و آکنه دار حجم 200 میلی لیتر,https://www.khanoumi.com/products/dafi-micellar-cleansing-water-for-oily-and-acne-skin-200ml-28463,چندروزه که رسیده به دستم و استفاده میکنم خوبه و آرایشو خوب پاک میکنه,0,true,2025-11-15T10:23:37.3701883+03:30,مثبت,0.91,تحویل و ارسال,تحویل و ارسال
میسلار واتر مناسب پوست های چرب و آکنه دار حجم 200 میلی لیتر,https://www.khanoumi.com/products/dafi-micellar-cleansing-water-for-oily-and-acne-skin-200ml-28463,خیلی خوبه.پد آغشته به میسلار رو،چند ثانیه بزارید روی چشم و آرایش ضد آب،سریع پاک می کنه.خشک نمی کنه پوست رو,0,false,2025-11-13T14:42:24.3745975+03:30,مثبت,0.91,محصول,محصول
میسلار واتر مناسب پوست های چرب و آکنه دار حجم 200 میلی لیتر,https://www.khanoumi.com/products/dafi-micellar-cleansing-water-for-oily-and-acne-skin-200ml-28463,برای دومین بار هست نظردهی میکنم واقعا باید بگم بی نظیر هستش همیشه چون آرایشم کم هست استفاده می‌کردم عالی بود ولی اینبار خواستم بگم از عالی عالی تر هست بطوری که میکاپ هایی که برای عروسی رفته بودم رو بقدری تمیز پاک کرد که به دور از انتظاراتم بودم نه باعث التهاب و سوزش ابدا نمیشه .,0,true,2025-11-11T02:13:40.1304181+03:30,مثبت,0.95,محصول,محصول
میسلار واتر مناسب پوست های چرب و آکنه دار حجم 200 میلی لیتر,https://www.khanoumi.com/products/dafi-micellar-cleansing-water-for-oily-and-acne-skin-200ml-28463,"اشغال ترین محصووول ینی واقعا اشغال واقعیه،گول مجازی رو نخورید،این ک میگن تو 3 دقیقه همه چیو پاک میکنه  درسته ولی بعد اگر پوستتون حساس باشه یا مستعد جوش باشه یا چرب باشه یا منافذ داشته باشید حتی اگه معمولی هم باشید بعد یک هفته منافذ رو مسدود میکنه جوش های زیر پوستی میزنید پوست رو خفه میکنه  تی زون  رو چرب میکنه هرچقدر بعدش صورت رو بشورید و دستمال هم بکشید صورت کثیفه
من پوستم صاف بود قبلش از تونر نو اکنه استفاده میکردم عالی بود بعدش این لعنتی رو گرفتم تو 1 هفته گند زد ب پوستم
بچه ها گول ارزون بودنشو نخورید واقعا فاجعه س!",0,false,2025-11-10T19:55:07.0775775+03:30,مثبت,0.79,محصول | قیمت,محصول
میسلار واتر مناسب پوست های چرب و آکنه دار حجم 200 میلی لیتر,https://www.khanoumi.com/products/dafi-micellar-cleansing-water-for-oily-and-acne-skin-200ml-28463,الکل زیاد داره و چشم خیلی خیلی میسوزونه اصلا نخرید,0,true,2025-11-05T16:47:20.1417432+03:30,مثبت,0.67,اصل بودن کالا,اصل بودن کالا
میسلار واتر مناسب پوست های چرب و آکنه دار حجم 200 میلی لیتر,https://www.khanoumi.com/products/dafi-micellar-cleansing-water-for-oily-and-acne-skin-200ml-28463,خیلی عالیه من همیشه ویتالایر می گرفتم ولی به نظرم دافی خیلی بهتره، از این به بعد دافی میگیرم,0,false,2025-10-24T23:09:13.7551769+03:30,مثبت,0.79,سایر,سایر
میسلار واتر مناسب پوست های چرب و آکنه دار حجم 200 میلی لیتر,https://www.khanoumi.com/products/dafi-micellar-cleansing-water-for-oily-and-acne-skin-200ml-28463,خیلی خوب بود چشمو نمیسوزونه,0,true,2025-10-24T20:33:54.2303584+03:30,مثبت,0.67,محصول,محصول
میسلار واتر مناسب پوست های چرب و آکنه دار حجم 200 میلی لیتر,https://www.khanoumi.com/products/dafi-micellar-cleansing-water-for-oily-and-acne-skin-200ml-28463,خوبه ولی چشام و گونه هامو میسوزونه,0,true,2025-10-22T15:03:05.8697891+03:30,مثبت,0.79,محصول,محصول
میسلار واتر مناسب پوست های چرب و آکنه دار حجم 200 میلی لیتر,https://www.khanoumi.com/products/dafi-micellar-cleansing-water-for-oily-and-acne-skin-200ml-28463,عاشقشم,0,true,2025-10-20T13:03:03.6772595+03:30,مثبت,0.67,سایر,سایر
میسلار واتر مناسب پوست های چرب و آکنه دار حجم 200 میلی لیتر,https://www.khanoumi.com/products/dafi-micellar-cleansing-water-for-oily-and-acne-skin-200ml-28463,خیلی عالیه. فورا ارایش رو پاک میکنه‌.,0,true,2025-10-17T13:08:30.3858823+03:30,مثبت,0.79,سایر,سایر
میسلار واتر مناسب پوست های چرب و آکنه دار حجم 200 میلی لیتر,https://www.khanoumi.com/products/dafi-micellar-cleansing-water-for-oily-and-acne-skin-200ml-28463,خیلی خوب عمل میکنه وازهمه مهمتر چشمارو نمیسوزونه,0,true,2025-10-08T08:31:18.7364065+03:30,مثبت,0.79,سایر,سایر
میسلار واتر مناسب پوست های چرب و آکنه دار حجم 200 میلی لیتر,https://www.khanoumi.com/products/dafi-micellar-cleansing-water-for-oily-and-acne-skin-200ml-28463,سه ثانیه روی آرایش چشم نگهش دارید همشو به بهترین شکل پاک میکنه,0,true,2025-09-29T18:31:25.4813698+03:30,مثبت,0.67,سایر,سایر
میسلار واتر مناسب پوست های چرب و آکنه دار حجم 200 میلی لیتر,https://www.khanoumi.com/products/dafi-micellar-cleansing-water-for-oily-and-acne-skin-200ml-28463,آرایش و خیلی خوب پاک میکنه باعث سوزش چشم هم نمیشه,0,true,2025-09-27T09:52:29.9635191+03:30,مثبت,0.79,سایر,سایر
میسلار واتر مناسب پوست های چرب و آکنه دار حجم 200 میلی لیتر,https://www.khanoumi.com/products/dafi-micellar-cleansing-water-for-oily-and-acne-skin-200ml-28463,"شانس آوردم سریع خریدم روز بعد خریدم ناموجود شد
محصول وافعا عالی ایه من. میسلار خیلی نخریدم مقایسه کنم ولی از لین واقعا راضیم نمیسوزونه
قبلا آرایش چشم پاک میکردم میشستم صورتم به زدن شوینده و ابنا میسوخت واقعا حساس میشد صورتم ولی ابن نه خیلیم ملایمه اصلا چسبناک نیست اصلا اصلا",0,false,2025-09-22T20:52:40.5936212+03:30,منفی,0.79,محصول | اصل بودن کالا,اصل بودن کالا
میسلار واتر مناسب پوست های چرب و آکنه دار حجم 200 میلی لیتر,https://www.khanoumi.com/products/dafi-micellar-cleansing-water-for-oily-and-acne-skin-200ml-28463,"با تشکر از خانومی و تخفیف خوبی که رو این خرید داشتم باید بگم من چند سال از میسلار گارنیر استفاده میکنم و با توجه به افزایش قیمت بالای گارنیر با تحقیق این میسلار رو انتخاب کردم 
تقریبا با توجه به حجم درنظر بگیریم دافی نصف قیمت گارنیر هست و از کیفیت خوبی هم برخوردار ولی به هیچ عنوان نمیتونم با هم مقایسه کنم و جایگزین گارنیر بدونم ولی در کل خوبه",0,true,2025-09-22T09:00:38.2882666+03:30,ترکیبی,0.92,قیمت | محصول,قیمت
میسلار واتر مناسب پوست های چرب و آکنه دار حجم 200 میلی لیتر,https://www.khanoumi.com/products/dafi-micellar-cleansing-water-for-oily-and-acne-skin-200ml-28463,مرسی از تیم حرفه ای خانومی,0,true,2025-09-20T15:10:15.265619+03:30,مثبت,0.67,سایر,سایر
میسلار واتر مناسب پوست های چرب و آکنه دار حجم 200 میلی لیتر,https://www.khanoumi.com/products/dafi-micellar-cleansing-water-for-oily-and-acne-skin-200ml-28463,"خوبه  
خوب هم تمیز می‌کنه خط چشم و آرایش رو پاک کننده هست",0,true,2025-09-20T10:26:59.2525504+03:30,مثبت,0.91,سایر,سایر
میسلار واتر مناسب پوست های چرب و آکنه دار حجم 200 میلی لیتر,https://www.khanoumi.com/products/dafi-micellar-cleansing-water-for-oily-and-acne-skin-200ml-28463,راضیمم,0,true,2025-09-18T10:39:50.592358+03:30,مثبت,0.79,سایر,سایر
میسلار واتر مناسب پوست های چرب و آکنه دار حجم 200 میلی لیتر,https://www.khanoumi.com/products/dafi-micellar-cleansing-water-for-oily-and-acne-skin-200ml-28463,فک کنم بار4ام باشه ک دوباره میخرم واقعا عالیه,0,true,2025-09-03T12:53:10.202452+03:30,مثبت,0.79,سایر,سایر
میسلار واتر مناسب پوست های چرب و آکنه دار حجم 200 میلی لیتر,https://www.khanoumi.com/products/dafi-micellar-cleansing-water-for-oily-and-acne-skin-200ml-28463,بار دومیه که شارژ میکنم پاک کنندگی خوبی داره و برای پوست من که چربه و مستعد جوش باعث جوش نشد,0,true,2025-09-01T02:35:22.2513306+03:30,مثبت,0.67,محصول,محصول
میسلار واتر مناسب پوست های چرب و آکنه دار حجم 200 میلی لیتر,https://www.khanoumi.com/products/dafi-micellar-cleansing-water-for-oily-and-acne-skin-200ml-28463,"خیلی عالیه حتی اگر قیمت بالایی هم داشت باز هم میرزید 
تو خریدش شک نکنید",0,false,2025-09-01T00:46:01.0052547+03:30,مثبت,0.79,قیمت,قیمت
میسلار واتر مناسب پوست های چرب و آکنه دار حجم 200 میلی لیتر,https://www.khanoumi.com/products/dafi-micellar-cleansing-water-for-oily-and-acne-skin-200ml-28463,"نسبت به قیمتش فوقق العادس 
من پوستم متافذ داره و جوش میزنه ولی هم پاک کنندگیش خوبه هم باعث جوش و حساسیت نشد",0,false,2025-08-22T08:51:48.4322305+00:00,مثبت,0.79,محصول | قیمت,محصول
میسلار واتر مناسب پوست های چرب و آکنه دار حجم 200 میلی لیتر,https://www.khanoumi.com/products/dafi-micellar-cleansing-water-for-oily-and-acne-skin-200ml-28463,لطفا اف 50 درصدی بزارید رو این محصول چندتا باهم میخام ازش بگیرم,0,false,2025-08-19T08:15:02.4247279+00:00,خنثی,0.35,محصول,محصول
میسلار واتر مناسب پوست های چرب و آکنه دار حجم 200 میلی لیتر,https://www.khanoumi.com/products/dafi-micellar-cleansing-water-for-oily-and-acne-skin-200ml-28463,خیلی خوبه کاملا آرایش و پاک میکنه.بوی خوبی هم داره,0,true,2025-08-13T08:46:47.6841282+00:00,مثبت,0.95,محصول,محصول
میسلار واتر مناسب پوست های چرب و آکنه دار حجم 200 میلی لیتر,https://www.khanoumi.com/products/dafi-micellar-cleansing-water-for-oily-and-acne-skin-200ml-28463,نسبت به قیمتش میسلارواتر خیلی خوبی هست و ارایشو خیلی سریع تو خودش حل میکنه,0,false,2025-08-05T21:44:49.304919+00:00,مثبت,0.79,قیمت,قیمت
میسلار واتر مناسب پوست های چرب و آکنه دار حجم 200 میلی لیتر,https://www.khanoumi.com/products/dafi-micellar-cleansing-water-for-oily-and-acne-skin-200ml-28463,اصلا خوب نیس آرایش رو‌ رو صورت پخش میکنه پاک نمیکنه,0,true,2025-08-03T21:05:22.3447881+00:00,مثبت,0.79,اصل بودن کالا,اصل بودن کالا
میسلار واتر مناسب پوست های چرب و آکنه دار حجم 200 میلی لیتر,https://www.khanoumi.com/products/dafi-micellar-cleansing-water-for-oily-and-acne-skin-200ml-28463,واقعا خوب نبود واقعاااا,0,false,2025-07-24T00:13:38.6896998+00:00,خنثی,0.4,محصول,محصول
میسلار واتر مناسب پوست های چرب و آکنه دار حجم 200 میلی لیتر,https://www.khanoumi.com/products/dafi-micellar-cleansing-water-for-oily-and-acne-skin-200ml-28463,دو روز هست که به دستم رسیده طبق نظرات خریدمش پاک کنندگی خیلی خوبی داره و عالی بود برای چشم بنظرم برابری میکنه با خیلی از برند ها و اینکه قیمتشم عالی بود,0,true,2025-07-11T00:46:05.9973714+00:00,مثبت,0.95,محصول | تحویل و ارسال | قیمت,محصول
میسلار واتر مناسب پوست های چرب و آکنه دار حجم 200 میلی لیتر,https://www.khanoumi.com/products/dafi-micellar-cleansing-water-for-oily-and-acne-skin-200ml-28463,من یک ساله از این محصول استفاده میکنم و پوستمم چرب هستش بهترینه این محصول,0,true,2025-07-09T14:48:46.1574738+00:00,مثبت,0.67,محصول,محصول
میسلار واتر مناسب پوست های چرب و آکنه دار حجم 200 میلی لیتر,https://www.khanoumi.com/products/dafi-micellar-cleansing-water-for-oily-and-acne-skin-200ml-28463,بخرید بهترینه تا الان ک خریدم,0,true,2025-07-03T19:26:49.4681718+00:00,مثبت,0.67,سایر,سایر
میسلار واتر مناسب پوست های چرب و آکنه دار حجم 200 میلی لیتر,https://www.khanoumi.com/products/dafi-micellar-cleansing-water-for-oily-and-acne-skin-200ml-28463,من باهاش جوش زدم,0,false,2025-06-28T17:13:32.4786385+00:00,خنثی,0.35,سایر,سایر
میسلار واتر مناسب پوست های چرب و آکنه دار حجم 200 میلی لیتر,https://www.khanoumi.com/products/dafi-micellar-cleansing-water-for-oily-and-acne-skin-200ml-28463,میسلار دافی رو دکترم بهم پیشنهاد داد.برای پوست چرب و مختلط عالیه,0,false,2025-06-19T19:08:34.5921638+00:00,مثبت,0.91,محصول,محصول
میسلار واتر مناسب پوست های چرب و آکنه دار حجم 200 میلی لیتر,https://www.khanoumi.com/products/dafi-micellar-cleansing-water-for-oily-and-acne-skin-200ml-28463,قیمت مناسب و کارایی عالی,0,true,2025-05-10T09:47:01.6744835+00:00,مثبت,0.67,محصول | قیمت,محصول
میسلار واتر مناسب پوست های چرب و آکنه دار حجم 200 میلی لیتر,https://www.khanoumi.com/products/dafi-micellar-cleansing-water-for-oily-and-acne-skin-200ml-28463,"برای پوست چرب واقعا عالیه
ارایش رو خیلیییی خوب پاک میکنه بخصوص ارایش چشم که ریمل و خط چشم سخت پاک میشه ، فقط باید مواظب باشید داخل چشم نره که خیلی بد میسوزه
بنظر من ارزش خرید داره!",0,false,2025-05-04T09:05:14.1472203+00:00,مثبت,0.91,محصول | قیمت,محصول
میسلار واتر مناسب پوست های چرب و آکنه دار حجم 200 میلی لیتر,https://www.khanoumi.com/products/dafi-micellar-cleansing-water-for-oily-and-acne-skin-200ml-28463,عالیه ،واقعا پوستو تمیز تمیز میکنه، بعد ک با آب بشوری صورت اصلا چرب نیست,0,false,2025-04-09T12:25:07.2549328+00:00,مثبت,0.67,محصول | اصل بودن کالا,محصول
میسلار واتر مناسب پوست های چرب و آکنه دار حجم 200 میلی لیتر,https://www.khanoumi.com/products/dafi-micellar-cleansing-water-for-oily-and-acne-skin-200ml-28463,باعث‌سوزش چشم هام میشه,0,false,2025-03-05T15:13:04.6519165+00:00,خنثی,0.35,سایر,سایر
میسلار واتر مناسب پوست های چرب و آکنه دار حجم 200 میلی لیتر,https://www.khanoumi.com/products/dafi-micellar-cleansing-water-for-oily-and-acne-skin-200ml-28463,همیشه استفاده می‌کنم. برای من که پوستم چربه عالیه. ولی بعدش حتما مرطوب کننده بزنید. کافیه یک مقدار ازش رو به پد آغشته کنید، پاک کنندگی قوی و عمیقی داره. عالیه.,0,true,2025-02-26T18:30:14.3499117+00:00,مثبت,0.95,محصول,محصول
میسلار واتر مناسب پوست های چرب و آکنه دار حجم 200 میلی لیتر,https://www.khanoumi.com/products/dafi-micellar-cleansing-water-for-oily-and-acne-skin-200ml-28463,عالیه,0,false,2025-02-22T11:38:53.9558564+00:00,مثبت,0.79,سایر,سایر
میسلار واتر مناسب پوست های چرب و آکنه دار حجم 200 میلی لیتر,https://www.khanoumi.com/products/dafi-micellar-cleansing-water-for-oily-and-acne-skin-200ml-28463,قبلا استفاده کردم و راضی بودم دوباره سفارش دادم,0,false,2025-02-21T19:12:43.7532038+00:00,مثبت,0.67,محصول,محصول
میسلار واتر مناسب پوست های چرب و آکنه دار حجم 200 میلی لیتر,https://www.khanoumi.com/products/dafi-micellar-cleansing-water-for-oily-and-acne-skin-200ml-28463,خیلی راضی ام پوست رو به خوبی پاک میکنه پوستمو چرب نکرد,0,true,2025-01-11T04:04:31.6875848+00:00,مثبت,0.91,محصول,محصول
میسلار واتر مناسب پوست های چرب و آکنه دار حجم 200 میلی لیتر,https://www.khanoumi.com/products/dafi-micellar-cleansing-water-for-oily-and-acne-skin-200ml-28463,عالی,0,true,2025-01-08T20:02:29.7710012+00:00,مثبت,0.67,سایر,سایر
میسلار واتر مناسب پوست های چرب و آکنه دار حجم 200 میلی لیتر,https://www.khanoumi.com/products/dafi-micellar-cleansing-water-for-oily-and-acne-skin-200ml-28463,خوب پاک میکنه,0,true,2025-01-07T20:07:29.1528911+00:00,مثبت,0.67,سایر,سایر
میسلار واتر مناسب پوست های چرب و آکنه دار حجم 200 میلی لیتر,https://www.khanoumi.com/products/dafi-micellar-cleansing-water-for-oily-and-acne-skin-200ml-28463,کاملا آب خالی هستش و بی کیفیت,0,true,2025-01-01T03:32:26.3455062+00:00,منفی,0.67,محصول,محصول
میسلار واتر مناسب پوست های چرب و آکنه دار حجم 200 میلی لیتر,https://www.khanoumi.com/products/dafi-micellar-cleansing-water-for-oily-and-acne-skin-200ml-28463,عالیییییه بعد از استفاده چندین دفعه نظرمو میگم,0,true,2024-12-31T16:28:36.0718596+00:00,مثبت,0.67,محصول,محصول
میسلار واتر مناسب پوست های چرب و آکنه دار حجم 200 میلی لیتر,https://www.khanoumi.com/products/dafi-micellar-cleansing-water-for-oily-and-acne-skin-200ml-28463,خیلی خوبه و برای دومین بار میخوام بگیرم,0,false,2024-12-31T05:37:50.2115805+00:00,مثبت,0.91,سایر,سایر
میسلار واتر مناسب پوست های چرب و آکنه دار حجم 200 میلی لیتر,https://www.khanoumi.com/products/dafi-micellar-cleansing-water-for-oily-and-acne-skin-200ml-28463,عالی,0,true,2024-12-29T11:09:06.8613914+00:00,مثبت,0.67,سایر,سایر
میسلار واتر مناسب پوست های چرب و آکنه دار حجم 200 میلی لیتر,https://www.khanoumi.com/products/dafi-micellar-cleansing-water-for-oily-and-acne-skin-200ml-28463,خوبه بد نیست,0,true,2024-12-15T19:45:32.0350714+00:00,منفی,0.67,سایر,سایر
میسلار واتر مناسب پوست های چرب و آکنه دار حجم 200 میلی لیتر,https://www.khanoumi.com/products/dafi-micellar-cleansing-water-for-oily-and-acne-skin-200ml-28463,متوسط نمیشه گفت بد نسبت ب قیمتش کارایی داره,0,false,2024-12-12T13:26:52.2516018+00:00,مثبت,0.67,محصول | قیمت,محصول
میسلار واتر مناسب پوست های چرب و آکنه دار حجم 200 میلی لیتر,https://www.khanoumi.com/products/dafi-micellar-cleansing-water-for-oily-and-acne-skin-200ml-28463,من 2سال دافی استفاده میکنم واقعا عالیه  ..من پیشنهاد میکنم,0,false,2024-09-21T17:24:24+00:00,مثبت,0.95,سایر,سایر
میسلار واتر مناسب پوست های چرب و آکنه دار حجم 200 میلی لیتر,https://www.khanoumi.com/products/dafi-micellar-cleansing-water-for-oily-and-acne-skin-200ml-28463,با توجه به قیمتش خوبه خشک نمیکنه پوستمو,0,false,2024-09-21T13:27:39+00:00,منفی,0.79,محصول | قیمت,محصول
میسلار واتر مناسب پوست های چرب و آکنه دار حجم 200 میلی لیتر,https://www.khanoumi.com/products/dafi-micellar-cleansing-water-for-oily-and-acne-skin-200ml-28463,"نقاط قوتش اینه که بعد از استفاده حس چربی و حس خشکی نمیده
بوی ملایمی داره
نقاط ضعفش یه ضد آفتاب سبک رو تو سه مرحله تمیز کرد و پاک کنندگی قوی نداره
با این که روش نوشته برای لب اما تلخه",0,true,2024-07-09T15:35:10+00:00,خنثی,0.35,محصول,محصول
میسلار واتر مناسب پوست های چرب و آکنه دار حجم 200 میلی لیتر,https://www.khanoumi.com/products/dafi-micellar-cleansing-water-for-oily-and-acne-skin-200ml-28463,"من اصلن راضی نبودم
چشم رو میسوزونه و اذیت میکنه
خیلی هم تمییز نمیکنه",0,true,2024-05-19T13:41:06+00:00,منفی,0.79,محصول | اصل بودن کالا,اصل بودن کالا
میسلار واتر مناسب پوست های چرب و آکنه دار حجم 200 میلی لیتر,https://www.khanoumi.com/products/dafi-micellar-cleansing-water-for-oily-and-acne-skin-200ml-28463,موجود کنید ,0,false,2024-04-23T13:30:48+00:00,خنثی,0.35,محصول,محصول
میسلار واتر مناسب پوست های چرب و آکنه دار حجم 200 میلی لیتر,https://www.khanoumi.com/products/dafi-micellar-cleansing-water-for-oily-and-acne-skin-200ml-28463,پوستمو میسوزونه,0,true,2024-04-11T02:05:56+00:00,خنثی,0.35,محصول,محصول
میسلار واتر مناسب پوست های چرب و آکنه دار حجم 200 میلی لیتر,https://www.khanoumi.com/products/dafi-micellar-cleansing-water-for-oily-and-acne-skin-200ml-28463,برای آرایش روزانه خوبه راضی بودم ازش ,0,false,2024-04-05T11:00:47+00:00,مثبت,0.91,محصول,محصول
میسلار واتر مناسب پوست های چرب و آکنه دار حجم 200 میلی لیتر,https://www.khanoumi.com/products/dafi-micellar-cleansing-water-for-oily-and-acne-skin-200ml-28463,من چند ساله استفاده می کنم راضیم ، ولی من همیشه آرایش کم و روزانه دارم . پوستمو تمیز می کنه . راضیم ,0,true,2024-03-30T21:55:30+00:00,مثبت,0.95,محصول,محصول
میسلار واتر مناسب پوست های چرب و آکنه دار حجم 200 میلی لیتر,https://www.khanoumi.com/products/dafi-micellar-cleansing-water-for-oily-and-acne-skin-200ml-28463,"برای یه میسلار واتر معمولی کیفیت خوبی داره
پوستو خوب تمیز میکنه
5،6 باری میشه که پشت هم ازش استفاده کردم",0,true,2024-01-30T03:31:21+00:00,مثبت,0.91,محصول,محصول
میسلار واتر مناسب پوست های چرب و آکنه دار حجم 200 میلی لیتر,https://www.khanoumi.com/products/dafi-micellar-cleansing-water-for-oily-and-acne-skin-200ml-28463,اگر رو راست باشم کامان ازین بهتر بود میسلارش با اینکه کامان برند ضعیف تریه ,0,true,2024-01-29T23:38:48+00:00,منفی,0.67,محصول,محصول
میسلار واتر مناسب پوست های چرب و آکنه دار حجم 200 میلی لیتر,https://www.khanoumi.com/products/dafi-micellar-cleansing-water-for-oily-and-acne-skin-200ml-28463,آرایش روزانه رو خیلی خوب پاک میکنه و اصلا باعث حساسیت نمیشه در مورد آرایشای سنگین نمیتونم نظر بدم چون من فقط برای پاک کردن آرایش روزانه ازش استفاده میکنم,0,true,2023-12-01T23:40:02+00:00,مثبت,0.95,محصول | اصل بودن کالا,محصول
میسلار واتر مناسب پوست های چرب و آکنه دار حجم 200 میلی لیتر,https://www.khanoumi.com/products/dafi-micellar-cleansing-water-for-oily-and-acne-skin-200ml-28463,مییلار دافی واقعا خوبه من چند ساله ازش استفاده میکنم ,0,true,2023-12-01T14:16:57+00:00,مثبت,0.79,سایر,سایر
میسلار واتر مناسب پوست های چرب و آکنه دار حجم 200 میلی لیتر,https://www.khanoumi.com/products/dafi-micellar-cleansing-water-for-oily-and-acne-skin-200ml-28463,پوست من چرب و مستعد جوشه و معمولا از مواد آرایشی و کرم‌های رنگی و ضدآفتاب زیاد استفاده می‌کنم. من باید همیشه از میسلارواترهای مخصوص پوست چرب استفاده کنم و به تازگی میسلار واتر مناسب پوست های چرب و آکنه دار dafi رو از فروشگاه اینترنتی خانومی خریدم. طی مدتی که از این محصول استفاده کردم ازش راضی بودم. به راحتی مواد آرایشی و آلودگی‌ها رو از روی پوستم پاک می‌کنه و باعث ایجاد سوزش در چشم و التهاب و تحریک در پوستم نمیشه. میسلارواتر دافی به کنترل چربی پوستم کمک می‌کنه و بعد از استفاده مانع خشک شدن اون میشه. از خریدم راضیم و احتمالا دوباره شارژش میکنم.,1,false,2022-02-11T00:08:12+00:00,مثبت,0.91,محصول,محصول
میسلار واتر مناسب پوست های چرب و آکنه دار حجم 200 میلی لیتر,https://www.khanoumi.com/products/dafi-micellar-cleansing-water-for-oily-and-acne-skin-200ml-28463,کیفیت قبل رو نداره اصلا🤔,1,false,2021-11-05T00:00:46+00:00,منفی,0.67,محصول | اصل بودن کالا,اصل بودن کالا
میسلار واتر مناسب پوست های چرب و آکنه دار حجم 200 میلی لیتر,https://www.khanoumi.com/products/dafi-micellar-cleansing-water-for-oily-and-acne-skin-200ml-28463,پاک کنندگی مناسبی داره و همچنین قیمت خوبی داره.من ۲بار خریدمش و الانم برای سومین باره که میخوام بخرم,7,false,2021-06-03T10:34:25+00:00,مثبت,0.67,قیمت,قیمت
میسلار واتر مناسب پوست های چرب و آکنه دار حجم 200 میلی لیتر,https://www.khanoumi.com/products/dafi-micellar-cleansing-water-for-oily-and-acne-skin-200ml-28463,پاک کنندگی اش عالی نیست تقریبا متوسطه ، خصوصا رژ لب ، ولی باعث جوش یا حساسیت نمیشه و به نظرم منافذ هم باهاش بهتر میشه ,3,true,2021-06-01T23:41:40+00:00,منفی,0.67,سایر,سایر
میسلار واتر مناسب پوست های چرب و آکنه دار حجم 200 میلی لیتر,https://www.khanoumi.com/products/dafi-micellar-cleansing-water-for-oily-and-acne-skin-200ml-28463,واقعاااا خوبه من ک کاملا راضی بودم پاک کنندگیش نسبت ب قیمتش خیلی خوب بود👍,12,true,2021-01-18T03:32:27+00:00,مثبت,0.95,محصول | قیمت,محصول
میسلار واتر مناسب پوست های چرب و آکنه دار حجم 200 میلی لیتر,https://www.khanoumi.com/products/dafi-micellar-cleansing-water-for-oily-and-acne-skin-200ml-28463,"پاک کنندگی عالی و عمیق
اینکه برا چشم و لب هم میشه استفاده کرد فوق العادس
قیمتش عالیه نسبت به کاراییش
واقعا توصیه میکنم 😍😍😍😍😍",10,true,2020-12-27T11:46:48+00:00,مثبت,0.95,محصول | قیمت,محصول
میسلار واتر مناسب پوست های چرب و آکنه دار حجم 200 میلی لیتر,https://www.khanoumi.com/products/dafi-micellar-cleansing-water-for-oily-and-acne-skin-200ml-28463,کسایی که میگن پاک کنندگیش خوب نیست نمیدونم توقعتون چیه😐یا با جی مقایسه میکنین 😐واقعا نسبت ب قیمتش خیلی بهترم حتی پاک میکنه 😐من با ۳ تا پد کارم تمومه😐,21,false,2020-11-23T11:51:53+00:00,منفی,0.67,محصول | قیمت,محصول
میسلار واتر مناسب پوست های چرب و آکنه دار حجم 200 میلی لیتر,https://www.khanoumi.com/products/dafi-micellar-cleansing-water-for-oily-and-acne-skin-200ml-28463,پاک کنندگی ش خیلی ضعیفه,7,true,2020-10-11T11:55:01+00:00,منفی,0.67,سایر,سایر
فلوئید کرمی شوینده دست و بدن اوره 5 درصد 400 میل,https://www.khanoumi.com/products/eucerin-urea-repair-plus-replenishing-body-wash-400ml-28470,بسیار خوب,3,true,2020-06-27T08:00:38+00:00,مثبت,0.67,سایر,سایر
فلوئید کرمی شوینده دست و بدن اوره 5 درصد 400 میل,https://www.khanoumi.com/products/eucerin-urea-repair-plus-replenishing-body-wash-400ml-28470,بر پوست بدن خشک فوق‌العاده‌اس,4,false,2020-05-26T18:19:30+00:00,ترکیبی,0.66,محصول,محصول
رژ لب اس پی اف 10,https://www.khanoumi.com/products/inlay-spf15-lipstick-28473,"این رژها چندساله که از رژهای مورد علاقه من هستند بویژه کد 570 
همه رنگهاش زیباست فقط 500 خیلی کمرنگه و ماندگاری رژها هم متوسطه.
ایرادی که داره جنس بدنه اش ضعیفه و زود میشکنه",0,true,2026-08-24T16:17:57.05259+03:30,منفی,0.79,محصول,محصول
رژ لب اس پی اف 10,https://www.khanoumi.com/products/inlay-spf15-lipstick-28473,رنگ 570 عالیه، موندگاریشم خوبه. من مدتهاس اینو تکرار میکنم میخرم,0,true,2026-08-22T13:48:11.8765505+03:30,مثبت,0.95,محصول,محصول
رژ لب اس پی اف 10,https://www.khanoumi.com/products/inlay-spf15-lipstick-28473,من خریدم از کیفیت و جنسش خیلی خوشم اومد,0,true,2026-07-31T21:25:35.0577918+03:30,خنثی,0.35,محصول,محصول
رژ لب اس پی اف 10,https://www.khanoumi.com/products/inlay-spf15-lipstick-28473,من لبهای خشکی دارم برای این رژ هم حتما باید قبلش بالم لب بزنم  چون خودش روی لب خشک اثری نداره و پوست لب ترک ترک میشه ولی با بالم لب اوکیه...من شماره 550 رو گرفتم رنگ طبیعی و بسیار ملایمی داره و ماندگاری خوبی هم داره اصلا دور لب پخش نمیشه,0,true,2026-07-27T11:26:11.4309171+03:30,مثبت,0.79,محصول | اصل بودن کالا,محصول
رژ لب اس پی اف 10,https://www.khanoumi.com/products/inlay-spf15-lipstick-28473,شماره 570 رنگ گوشتی زیبا,0,true,2026-07-18T15:18:13.2472372+03:30,خنثی,0.35,محصول,محصول
رژ لب اس پی اف 10,https://www.khanoumi.com/products/inlay-spf15-lipstick-28473,کد 570 یک بنفش گوشتی خوشگل کمی مایل به نود ه رو لب های من که خودش کمرنگ ه و پوستم سفیده قشنگ شد من پسندیدم اش گیاهی ه وگان ه بوی خوبی داره عکسش و براتون گذاشتم به نظر من شیک ه,0,true,2026-06-09T15:31:29.0965185+03:30,مثبت,0.67,محصول,محصول
رژ لب اس پی اف 10,https://www.khanoumi.com/products/inlay-spf15-lipstick-28473,همه کد هاش و دارم کد 400 یک نود خوشگله رو لبم تست کردم به پوست های روشن میاد بسیار نرم و لطیف ه کاش کمی هم دوام اش بیشتر بود  من و یاد روژ های کلینیک می اندازه همون قدر لطیف,0,true,2026-06-07T15:33:13.3446304+03:30,خنثی,0.35,محصول,محصول
رژ لب اس پی اف 10,https://www.khanoumi.com/products/inlay-spf15-lipstick-28473,همه رنگ هاش و گرفتم عاشق 550 هستم صورتی شیک ه بیرنگ ترینش که خیلی نود هست 450 ه مناسب پوست های خیلی سفید و صاف و لب های کمرنگ ه برای پوست های تیره بهتره رنگ های پررنگ ترش استفاده یشه  و برلی سلامتی لبها واقعا عالیه کاش کمی ماندگاری اش بالاتر بود و جنس بدنه اش محکم تر تو ایرانی ها میشه گفت از بهترین هاست,0,true,2026-06-03T23:54:53.3434783+03:30,مثبت,0.79,محصول,محصول
رژ لب اس پی اف 10,https://www.khanoumi.com/products/inlay-spf15-lipstick-28473,من شماره 450 رو گرفتم رنگ ملایمی داره ولی خیلی قشنگه و میشه به عنوان یه چیز روز مره استفاده کرد,0,true,2026-06-02T14:31:33.5997629+03:30,خنثی,0.35,محصول,محصول
رژ لب اس پی اف 10,https://www.khanoumi.com/products/inlay-spf15-lipstick-28473,"میدونستین اون قسمت رنگی تهش در واقع رژ کاسه ایه؟؟؟؟؟ یکم بکشین درمیاد و دوباره فشار بدین میره سر جاش. جایی ندیدم بهش اشاره شده باشه من اتفاقی فهمیدم و خیلی از این کشفم ذوق زده شدم
چهارتا رنگش رو دارم خیلی ملیح و نازن. بوی ملایمی داره و مهمتر از همه اس پی اف دارن",0,true,2026-06-01T17:29:15.6593076+03:30,منفی,0.67,محصول,محصول
رژ لب اس پی اف 10,https://www.khanoumi.com/products/inlay-spf15-lipstick-28473,"من شماره 400 دارم .رنگ نود بسیار زیبا و عجیب و متفاوتی داره ماندگاری و پیگمنت بالا و چربی بالانس و به اندازه داره
من این رژلبو با خط لب 1 از برند مای استفاده میکنم دقیقا همرنگ هستن",0,true,2026-05-09T01:39:08.5625503+03:30,خنثی,0.35,محصول,محصول
رژ لب اس پی اف 10,https://www.khanoumi.com/products/inlay-spf15-lipstick-28473,"من رنگ 570 رو خریدم 
اینقدر خوشرنگ و با کیفیت و خوشگله که میخوام همه رنگهاشو بخرم
چربی ماندگاری پیگمنت همه چیز متعادل و خوبه",0,true,2026-03-03T15:13:21.3947064+03:30,مثبت,0.79,محصول,محصول
رژ لب اس پی اف 10,https://www.khanoumi.com/products/inlay-spf15-lipstick-28473,خیلی خوشرنگه و طبیعی ..حالت ابرسانی هم داره رنگ جینجرفلاور,0,true,2026-01-30T07:59:57.2280516+03:30,خنثی,0.35,محصول,محصول
رژ لب اس پی اف 10,https://www.khanoumi.com/products/inlay-spf15-lipstick-28473,لبو خشک نمیکنه و مات و قشنگه ولی ماندگاریش خیلی زیاد نیست ولی خیلی خوبههه,0,true,2025-12-05T13:03:06.950688+03:30,مثبت,0.67,محصول,محصول
رژ لب اس پی اف 10,https://www.khanoumi.com/products/inlay-spf15-lipstick-28473,سلام خوب نیست خیلی زود پاک میشه,0,true,2025-12-01T08:37:51.9951716+03:30,منفی,0.67,سایر,سایر
رژ لب اس پی اف 10,https://www.khanoumi.com/products/inlay-spf15-lipstick-28473,"من شماره 570خریدم رنگ و بافتش عالیه من دوستش دارم اصلا سنگین نیست روی لب چربیش هم به اندازه هست از اون یکی رژ لب  جامد این لی بهتره به نظر من 
چون اون مدل روی لب حس سنگینی میده مامدگاریش هم‌کمه چون خیلی چربه رنگش هم بنفش مایل به بادمجونیه متوسطه خیلی تیره نیست کل لب رو پوشش میده اصلا پوسته پوسته نمیشه روی لب حالت مخملی داره",0,true,2025-11-28T01:23:14.6232745+03:30,مثبت,0.79,محصول | اصل بودن کالا,محصول
رژ لب اس پی اف 10,https://www.khanoumi.com/products/inlay-spf15-lipstick-28473,رنگ خیلی خوبی داشت مانند تصویر ولی خیلی زود شکست.,0,true,2025-10-27T17:07:04.4008537+03:30,مثبت,0.79,محصول,محصول
رژ لب اس پی اف 10,https://www.khanoumi.com/products/inlay-spf15-lipstick-28473,من رنگ 500 و 530 رو خریدم،رنگ 500 خیلی بیرنگِ،ولی 530 یه صورتی خوشرنگه,0,false,2025-10-03T00:31:05.1571807+03:30,خنثی,0.35,محصول,محصول
رژ لب اس پی اف 10,https://www.khanoumi.com/products/inlay-spf15-lipstick-28473,"رژ لب نرم و روان و خوشبویی هست.
من شماره 550 و 570 خریدم که هر دو تناژ صورتی دارن.
اگر دنبال رنگ های کالباسی و گوشتی هستین این دو تا گزینه خوبی نیستن",0,true,2025-09-25T12:49:28.7802383+03:30,منفی,0.67,محصول,محصول
رژ لب اس پی اف 10,https://www.khanoumi.com/products/inlay-spf15-lipstick-28473,"رژ خوب و سبکی هست برای من که لبای حساس دارم زود زخم میشن خوبه .رنگش با عکس فرق داره شماره 530 هست 
کاش قیمتش کمی پایین تر بود",0,true,2025-09-25T11:30:12.9908714+03:30,مثبت,0.91,محصول | قیمت,محصول
رژ لب اس پی اف 10,https://www.khanoumi.com/products/inlay-spf15-lipstick-28473,محصول خوب و با کیفیتیه,0,true,2025-09-15T10:05:13.2852381+03:30,مثبت,0.67,محصول,محصول
رژ لب اس پی اف 10,https://www.khanoumi.com/products/inlay-spf15-lipstick-28473,"رنگ 530 رو گرفتم با رنگ سایت متفاوت هست اما من رنگش رو دوست داشتم 
خیلی سبک و ماندگاری داره و خیلی قشنگ میشه رو لب 
دوستش داشتم",0,true,2025-09-14T13:49:30.7628493+03:30,مثبت,0.67,محصول,محصول
رژ لب اس پی اف 10,https://www.khanoumi.com/products/inlay-spf15-lipstick-28473,من رنگ 530 فرستادم ولی برخلاف عکسش یه صورتی خیلی کمرنگ بود و تو ذوقم خورد,0,true,2025-08-16T16:53:33.8401282+00:00,خنثی,0.35,محصول,محصول
رژ لب اس پی اف 10,https://www.khanoumi.com/products/inlay-spf15-lipstick-28473,"رژ بسیار خوبی‌ه. نسبتا چرب هست و اگر لب خشکی دارید، مناسبه. 
ولی جنس پلاستیک رژ بسیار ضعیفه. من یک بار رژ از دستم افتاد زمین و همه قطعاتش شکست تا آخر یه رژ شکسته داشتم.",0,true,2025-07-26T08:19:06.4718734+00:00,ترکیبی,0.79,محصول,محصول
رژ لب اس پی اف 10,https://www.khanoumi.com/products/inlay-spf15-lipstick-28473,من دو تا رنگ 450 و 530 رو گرفتم که هردوتاش فوق العاده خوش رنگ بودن .. مخصوصا 450 که عالیه رنگش,0,true,2025-06-16T18:51:51.8615399+00:00,مثبت,0.91,محصول,محصول
رژ لب اس پی اف 10,https://www.khanoumi.com/products/inlay-spf15-lipstick-28473,رنگش همینه که توی تصویر هست و خوبه، لب خشک و پوست پوست نمیشه، فقط ماندگاریش کمه.,0,true,2025-05-23T12:46:39.5123927+00:00,مثبت,0.79,محصول,محصول
رژ لب اس پی اف 10,https://www.khanoumi.com/products/inlay-spf15-lipstick-28473,"کد 450 و خریدم خیلی دلبره واسه پوست سفید
رنگ لایت و ماندگاری خوبی داره
و خیلی سبک و عالیه",0,true,2025-04-21T11:36:28.7678168+00:00,مثبت,0.91,محصول,محصول
رژ لب اس پی اف 10,https://www.khanoumi.com/products/inlay-spf15-lipstick-28473,رنگ 570 خریدم عالیه !!نرم خوشبو !!بهتر از رژلبایی شد که حضوری میخرم,0,true,2025-04-20T06:42:55.8663594+00:00,مثبت,0.79,محصول,محصول
رژ لب اس پی اف 10,https://www.khanoumi.com/products/inlay-spf15-lipstick-28473,خیلی نرم هست ولی اونقدری موندگاری نداره برای استفاده روزانه خریدم,0,true,2025-04-10T17:50:12.4725434+00:00,خنثی,0.35,محصول,محصول
رژ لب اس پی اف 10,https://www.khanoumi.com/products/inlay-spf15-lipstick-28473,رنگهای نچرالی نود و تاچ آو بریز رو سفارش دادم و همونهایی بودند که میخواستم. خیلی از رنگها راضی ام.,0,true,2025-04-05T14:46:07.1733479+00:00,مثبت,0.79,محصول,محصول
رژ لب اس پی اف 10,https://www.khanoumi.com/products/inlay-spf15-lipstick-28473,من همیشه رژ لب های این لی و میگیرم هم بوش خوبه هم بدون سرب و بدون پارابنه و این مدل که ضد آفتاب هم هست من رنگ سیمپلی رز و گرفتم که یه صورتی خیلی نازه,0,true,2025-03-27T10:35:47.011654+00:00,ترکیبی,0.82,محصول,محصول
رژ لب اس پی اف 10,https://www.khanoumi.com/products/inlay-spf15-lipstick-28473,من عاشق رنگ 500 هستم. رنگش برای پوست سفید مناسبه و کاملا مناسب سر کاره. البته طبیعیه که به درد مهمانی یا جایی که بخواهید جلوه زیادی داشته باشید نمی‌خوره. ولی برای من که محدودیت دارم مناسب بود... شاین ریزی هم داره و فوق‌العاده نرمه ولی چرب نیست.,0,true,2025-03-19T14:53:23.9891185+00:00,مثبت,0.67,محصول,محصول
رژ لب اس پی اف 10,https://www.khanoumi.com/products/inlay-spf15-lipstick-28473,شماره 500 خیلی کم رنگ است و اصلا روی لب مشخص نیست.  بافتش بد نیست ولی نمیشه گفت چه رنگی داره و بدرد آرایش نمی خوره .,0,true,2025-03-15T07:22:22.761019+00:00,مثبت,0.91,محصول | اصل بودن کالا,محصول
رژ لب اس پی اف 10,https://www.khanoumi.com/products/inlay-spf15-lipstick-28473,شماره 500 خیلی کم رنگ است و اصلا روی لب مشخص نیست.  بافتش بد نیست ولی نمیشه گفت چه رنگی داره و بدرد آرایش نمی خوره .,0,true,2025-03-15T07:22:22.48369+00:00,مثبت,0.91,محصول | اصل بودن کالا,محصول
رژ لب اس پی اف 10,https://www.khanoumi.com/products/inlay-spf15-lipstick-28473,دقیقا رنگی بود که انتخاب کردم عالی بود,0,true,2025-02-27T10:05:23.536813+00:00,مثبت,0.79,محصول,محصول
رژ لب اس پی اف 10,https://www.khanoumi.com/products/inlay-spf15-lipstick-28473,من رنگ اس سی 500 رو خریدم. خیلی خیلی کمرنگه و روی لب چیزی معلوم نیست...,0,true,2025-02-25T12:07:41.5244369+00:00,خنثی,0.35,محصول,محصول
رژ لب اس پی اف 10,https://www.khanoumi.com/products/inlay-spf15-lipstick-28473,خیلی رژ خوبیه من شماره 400 گرفتم واسه یه آرایش لایت حرف نداره،یه شاین خیلی کمم داره و بوی خیلی خوبی هم داره.,0,true,2025-02-19T09:10:56.2424607+00:00,مثبت,0.91,محصول,محصول
رژ لب اس پی اف 10,https://www.khanoumi.com/products/inlay-spf15-lipstick-28473,من این رژ رو از خانومی تهیه کردم،خیلی به درد نخوره،همون جوری که گرفتم مونده،پرایمر هم که همون بدرد نخور حیف پول.,0,false,2025-02-18T10:59:08.5320759+00:00,منفی,0.67,محصول,محصول
رژ لب اس پی اف 10,https://www.khanoumi.com/products/inlay-spf15-lipstick-28473,530 و 570 رو گرفتم عالیه,0,false,2025-02-09T08:27:56.9142281+00:00,مثبت,0.79,سایر,سایر
رژ لب اس پی اف 10,https://www.khanoumi.com/products/inlay-spf15-lipstick-28473,من شماره 570 رو گرفتم رنگش با تصویر کاملا متفاوته و مایل به بنفشه و خیلی خوشرنگتر هستش من رنگشو خیلی دوست دارم,0,true,2025-01-14T19:14:51.2207489+00:00,خنثی,0.35,محصول,محصول
رژ لب اس پی اف 10,https://www.khanoumi.com/products/inlay-spf15-lipstick-28473,دوباره 450 رو شارژ کنید لطفا,0,false,2024-11-29T08:15:00.9350627+00:00,خنثی,0.35,سایر,سایر
رژ لب اس پی اف 10,https://www.khanoumi.com/products/inlay-spf15-lipstick-28473,لطفااااا شماره 450 رو شارژ کنید ....رنگش خیلی قشنگه,0,false,2024-11-06T14:35:25.2887885+00:00,خنثی,0.35,محصول,محصول
رژ لب اس پی اف 10,https://www.khanoumi.com/products/inlay-spf15-lipstick-28473,واقعا از خریدم از سایت خانومی راضیم.محصولات همگی حدود دو سال انقضا داشتن.همه چی عالی,0,true,2024-10-20T20:07:37.473182+00:00,مثبت,0.91,محصول,محصول
رژ لب اس پی اف 10,https://www.khanoumi.com/products/inlay-spf15-lipstick-28473,رنگ 450 خیلی خیلی قشنگه و رنگ طبیعی داره,0,false,2024-07-18T12:57:10+00:00,خنثی,0.35,محصول,محصول
رژ لب اس پی اف 10,https://www.khanoumi.com/products/inlay-spf15-lipstick-28473,لطفا رنگ 450 رو شارژ کنید.خیلی وقته دارم دنبالش میگردم.,0,false,2024-03-25T23:52:43+00:00,خنثی,0.35,محصول,محصول
رژ لب اس پی اف 10,https://www.khanoumi.com/products/inlay-spf15-lipstick-28473,این سری از رژ لب های این لی رنگبندی فوق العاده خوبی داره . ماندگاریش هم نسبتا خوبه. من به صورت روزانه از اینکار استفاده می کنم و اصلا لب ها رو خشک نمیکنه. ,0,false,2022-11-18T22:50:34.7233333+00:00,مثبت,0.95,محصول | اصل بودن کالا,محصول
رژ لب اس پی اف 10,https://www.khanoumi.com/products/inlay-spf15-lipstick-28473,معمولی و خوبه,0,true,2022-08-16T10:42:36+00:00,مثبت,0.79,محصول,محصول
رژ لب اس پی اف 10,https://www.khanoumi.com/products/inlay-spf15-lipstick-28473,شماره 530 رو خریدم. خوبه اما متاسفانه تاریخ انقضاش نزدیکه ,1,true,2022-07-16T13:45:41+00:00,ترکیبی,0.79,سایر,سایر
رژ لب اس پی اف 10,https://www.khanoumi.com/products/inlay-spf15-lipstick-28473,محصولات این لی عالیه. پنجمین رژ لبی هست ک ازش میخرم.کاملا راضیم و پیشنهاد میدم,5,true,2022-06-18T17:54:30+00:00,مثبت,0.95,محصول,محصول
رژ لب اس پی اف 10,https://www.khanoumi.com/products/inlay-spf15-lipstick-28473,رنگ گوشتی قشنگی داره و روی لب قشنگ میشینه,3,true,2022-06-05T12:37:42+00:00,خنثی,0.35,محصول,محصول
رژ لب اس پی اف 10,https://www.khanoumi.com/products/inlay-spf15-lipstick-28473,به نظر من خیلی رنگای قشنگی داره کلا. من این مدل اس پی اف دار رو رنگ Berry570 رو خریدم که تقریبا بنفش ملایمیه که قهوه ای هم داره خیلی خوشرنگه موندگاریشم متوسط و خوبه برای مامانم هم اون مدل رو خریدم Wet Brown470 که یه رنگ قهوه ای کالباسی قشنگی داره,1,false,2022-04-06T08:29:06+00:00,مثبت,0.79,محصول,محصول
رژ لب اس پی اف 10,https://www.khanoumi.com/products/inlay-spf15-lipstick-28473,خیلی روژ خوبیه رنگش هم عالی من از نظر خانومی که اولین نظر بود و روژ لب رو روی دستشون کشیده بودن کمک گرفتم در انتخابم و واقعا قشنگ وهمچنین نرم کلی کیف کردم حتما میخرم دوباره ویه تشکر کنم از خانومی که به خدا قیمتاش عالیه من هر محصولی رو که خواستم از بیرون بگیرم قیمت رو جعبه بود فروختن اما اینجا قیمتا عالی ,8,true,2022-02-23T01:36:30+00:00,مثبت,0.95,محصول | قیمت,محصول
رژ لب اس پی اف 10,https://www.khanoumi.com/products/inlay-spf15-lipstick-28473,"رژلب سبکیه مات نیست برای کسایی ک لبای خشکی دارن خیلی مناسبه،روی لب خیلی قشنگ میشه
نکته ی مثبت این رژا spf دار بودنشون هست",8,true,2021-05-31T12:52:31+00:00,خنثی,0.35,محصول,محصول
رژ لب اس پی اف 10,https://www.khanoumi.com/products/inlay-spf15-lipstick-28473,خیلی رو لب خوشگله، سبکه، لبو خشک نمیکنه .واقعا پیشنهاد میکنم امتحان کنید,9,true,2020-08-28T15:33:06+00:00,مثبت,0.79,محصول,محصول
رژ لب اس پی اف 10,https://www.khanoumi.com/products/inlay-spf15-lipstick-28473,رژ لب خوبیه من که دوسش دارم❤,8,false,2020-07-04T13:39:36+00:00,مثبت,0.67,سایر,سایر
رژ لب اس پی اف 10,https://www.khanoumi.com/products/inlay-spf15-lipstick-28473,روی لب خیلی قشنگه,9,false,2020-05-09T15:40:28+00:00,خنثی,0.35,سایر,سایر
ژل کرم آنتی آکنه و تنظیم کننده چربی پوست,https://www.khanoumi.com/products/erikeh-anti-acne-and-sebum-extract-regulator-gel-cream-50ml-28474,به مرور تاثیر خوبی داره,1,true,2020-07-31T03:35:48+00:00,مثبت,0.79,سایر,سایر
کرم ضد لک و روشن کننده,https://www.khanoumi.com/products/erikeh-lightening-cream-30ml-28475,لطفاً موجود کنید,0,false,2025-01-01T11:17:39.3115256+00:00,خنثی,0.35,محصول,محصول
کرم ضد لک و روشن کننده,https://www.khanoumi.com/products/erikeh-lightening-cream-30ml-28475,"خیلی کرم عالی هستش همزمان ک لک وجای جوش میبره مرطوب کنندگی قوی بدون جوش داره 
لطفا موجود کنین ",0,false,2023-12-30T21:36:41+00:00,ترکیبی,0.66,محصول,محصول
سرم ضد لک قوی,https://www.khanoumi.com/products/erikeh-intense-whitening-serum-30ml-28476,دوره اول که ازش استفاده کردم عالی بود خیلی خوب رو لک هام اثر گذاشت اما بعد چند ماه دوباره خریدمش حس میکنم اثرشو از دست داده دیگه مثل سابق نیست خیلی طول کشید تا لک هامو کم رنگ کنه,0,false,2026-05-06T17:43:00.653037+03:30,مثبت,0.95,محصول,محصول
سرم ضد لک قوی,https://www.khanoumi.com/products/erikeh-intense-whitening-serum-30ml-28476,من اینو استفاده کردم ولی تاثیر زیادی نداشت بااینکه تحت لیسانس بود راضی نبودم ازش اما بعصی برند های ایرانی و قیمت پایین تر کیفیت بهتری رو دارن,0,false,2025-09-07T18:18:48.8514958+03:30,منفی,0.67,محصول | قیمت,محصول
سرم ضد لک قوی,https://www.khanoumi.com/products/erikeh-intense-whitening-serum-30ml-28476,متاسفانه قیمت بالاست تخفیف ویژه بزارید خرید کنیم کسی هست برای لک ملاسما و هورمونی استفاده کرده باشه و جواب گرفته باشه؟!,0,false,2025-04-29T18:06:49.337687+00:00,منفی,0.67,قیمت | محصول,قیمت
سرم ضد لک قوی,https://www.khanoumi.com/products/erikeh-intense-whitening-serum-30ml-28476,من به مدت 6 ماه به تجویز پزشک استفاده کردم ولی متاسفانه هیچ تاثیری روی لک نداشت الان هم برایت مکس گرفتم ببینم چی میشه,0,false,2024-01-16T08:52:18+00:00,منفی,0.67,سایر,سایر
سرم ضد لک قوی,https://www.khanoumi.com/products/erikeh-intense-whitening-serum-30ml-28476,لطفا تخفیف خوب بذارید,3,false,2023-07-26T13:20:06+00:00,مثبت,0.67,قیمت,قیمت
سرم ضد لک قوی,https://www.khanoumi.com/products/erikeh-intense-whitening-serum-30ml-28476,منم از ضد لک ژنو استفاده می‌کنم دیدم اثرش راضی بودم قیمتش هم واقعا مناسب,5,false,2020-03-22T14:02:11+00:00,مثبت,0.67,محصول | قیمت,محصول
لوسیون ضد لک بدن حجم 500 میلی لیتر,https://www.khanoumi.com/products/erikeh-whitening-body-lotion-500ml-28477,"سلام.بسیار لوسیون تاثیرگذاری هست..من لک جوش قدیمی روی بدنم داشتم ..با این محصول در مدت کم لک هام تا60درصد کمرنگ شدن
خانومی لطفا این محصول رو شارژ کنید",0,false,2025-09-03T23:24:59.871648+03:30,منفی,0.67,محصول,محصول
لوسیون ضد لک بدن حجم 500 میلی لیتر,https://www.khanoumi.com/products/erikeh-whitening-body-lotion-500ml-28477,خیلیی خیلی خیلی بوی بدی داره,0,false,2025-03-20T00:38:28.1192448+00:00,منفی,0.67,محصول,محصول
لوسیون ضد لک بدن حجم 500 میلی لیتر,https://www.khanoumi.com/products/erikeh-whitening-body-lotion-500ml-28477,لطفا شارژ کنید,0,false,2024-11-01T07:54:26.9484953+00:00,خنثی,0.35,سایر,سایر
لوسیون ضد لک بدن حجم 500 میلی لیتر,https://www.khanoumi.com/products/erikeh-whitening-body-lotion-500ml-28477,لطفا شارژ بشه,0,false,2024-10-27T19:50:03.7387968+00:00,خنثی,0.35,سایر,سایر
لوسیون ضد لک بدن حجم 500 میلی لیتر,https://www.khanoumi.com/products/erikeh-whitening-body-lotion-500ml-28477,لطفا زودتر موجود کنییین,0,true,2024-10-21T10:50:29.7743129+00:00,خنثی,0.35,محصول,محصول
لوسیون ضد لک بدن حجم 500 میلی لیتر,https://www.khanoumi.com/products/erikeh-whitening-body-lotion-500ml-28477,لطفا موجود کنید,0,false,2024-10-18T08:44:19.3569958+00:00,خنثی,0.35,محصول,محصول
لوسیون ضد لک بدن حجم 500 میلی لیتر,https://www.khanoumi.com/products/erikeh-whitening-body-lotion-500ml-28477,لطفا این محصول رو موجود کنید.ممنون,0,false,2024-10-04T10:52:08.8030294+00:00,مثبت,0.67,محصول,محصول
لوسیون ضد لک بدن حجم 500 میلی لیتر,https://www.khanoumi.com/products/erikeh-whitening-body-lotion-500ml-28477,لطفا موجود کنین,0,false,2024-05-26T21:25:02+00:00,خنثی,0.35,محصول,محصول
لوسیون ضد لک بدن حجم 500 میلی لیتر,https://www.khanoumi.com/products/erikeh-whitening-body-lotion-500ml-28477,لطفا این محصول رو شارژ کنین خیلی وقته منتظرم ممنوم,0,false,2024-05-26T21:24:23+00:00,خنثی,0.35,محصول,محصول
لوسیون ضد لک بدن حجم 500 میلی لیتر,https://www.khanoumi.com/products/erikeh-whitening-body-lotion-500ml-28477,"من خیلی وقته منتظرم این محصول موجود بشه 
لطفا موجود کنید ",0,false,2024-05-04T14:44:14+00:00,خنثی,0.35,محصول,محصول
لوسیون ضد لک بدن حجم 500 میلی لیتر,https://www.khanoumi.com/products/erikeh-whitening-body-lotion-500ml-28477,چرا موجود نمیکنید این محصول رو از کیه منتظرم موجود بشه,0,true,2024-04-03T01:43:02+00:00,خنثی,0.35,محصول,محصول
لوسیون ضد لک بدن حجم 500 میلی لیتر,https://www.khanoumi.com/products/erikeh-whitening-body-lotion-500ml-28477,لطفاً موجود کنید ,0,true,2024-04-02T19:09:31+00:00,خنثی,0.35,محصول,محصول
لوسیون ضد لک بدن حجم 500 میلی لیتر,https://www.khanoumi.com/products/erikeh-whitening-body-lotion-500ml-28477,موجودکنید لطفا,0,true,2024-03-27T11:24:22+00:00,خنثی,0.35,محصول,محصول
لوسیون ضد لک بدن حجم 500 میلی لیتر,https://www.khanoumi.com/products/erikeh-whitening-body-lotion-500ml-28477,لطفا موجود کنید,0,true,2024-03-26T14:19:46+00:00,خنثی,0.35,محصول,محصول
لوسیون ضد لک بدن حجم 500 میلی لیتر,https://www.khanoumi.com/products/erikeh-whitening-body-lotion-500ml-28477,"تخفیف بذارید بطفا
یا اینکه 200 میل رو موجود کنید",0,false,2024-02-28T17:27:39+00:00,خنثی,0.35,محصول | قیمت,محصول
لوسیون ضد لک بدن حجم 500 میلی لیتر,https://www.khanoumi.com/products/erikeh-whitening-body-lotion-500ml-28477,تخفییییففففف,0,false,2024-02-20T08:56:35+00:00,خنثی,0.35,سایر,سایر
لوسیون ضد لک بدن حجم 500 میلی لیتر,https://www.khanoumi.com/products/erikeh-whitening-body-lotion-500ml-28477,والا من خودم خسته شدم بس که گفتم تخفیف ویژه بذارید,0,false,2024-02-17T12:45:56+00:00,خنثی,0.35,قیمت,قیمت
لوسیون ضد لک بدن حجم 500 میلی لیتر,https://www.khanoumi.com/products/erikeh-whitening-body-lotion-500ml-28477,این محصول عالیه ولی قیمتش خیلی بالاست، لطفا آف ویژه یا 4تا 50 بذارید بتونیم دوتاشو تهیه کنیم,0,false,2024-02-09T12:58:39+00:00,مثبت,0.79,محصول | قیمت,محصول
لوسیون ضد لک بدن حجم 500 میلی لیتر,https://www.khanoumi.com/products/erikeh-whitening-body-lotion-500ml-28477,اصلا بوی خوبی نداره ولی واقعا تاثیر گذاره حتی توی سه چهار بار استفاده هم میتونید کمرنگ شدن جای لک و قرمزی جوش بدنو ببینید,0,true,2024-02-08T00:35:00+00:00,منفی,0.67,محصول | اصل بودن کالا,اصل بودن کالا
لوسیون ضد لک بدن حجم 500 میلی لیتر,https://www.khanoumi.com/products/erikeh-whitening-body-lotion-500ml-28477,چرا تخفیفش کمه,0,false,2024-02-04T02:09:54+00:00,خنثی,0.35,قیمت,قیمت
لوسیون ضد لک بدن حجم 500 میلی لیتر,https://www.khanoumi.com/products/erikeh-whitening-body-lotion-500ml-28477,تخفیف ویژه لطفا میخوامش,0,false,2024-02-01T19:01:14+00:00,خنثی,0.35,قیمت,قیمت
لوسیون ضد لک بدن حجم 500 میلی لیتر,https://www.khanoumi.com/products/erikeh-whitening-body-lotion-500ml-28477,"عالیه
کمتر از یک ماه تمام جای لک های بعد از لیزرم محو کرد",0,false,2023-11-02T01:47:18+00:00,مثبت,0.79,سایر,سایر
لوسیون ضد لک بدن حجم 500 میلی لیتر,https://www.khanoumi.com/products/erikeh-whitening-body-lotion-500ml-28477, واقعا جواب میده من همراهش از اسکراپ پریم هم استفاده کردم برا تیرگی بدن عالیه,0,true,2023-08-29T22:27:29+00:00,ترکیبی,0.74,سایر,سایر
لوسیون ضد لک بدن حجم 500 میلی لیتر,https://www.khanoumi.com/products/erikeh-whitening-body-lotion-500ml-28477,ایجاد لک برروی صورت و بدن مسئله ای است که به دلایل مختلف مانند بارداری، قرار گرفتن دربرابر آفتاب و ... برروی پوست ایجاد می شود که می تواند مستقیما برروی زیبایی پوست و اعتماد به نفس شما تأثیرگذار است. کرم ضدلک بدن اریکه به شما کمک می کند تا این لک ها و تیرگی ها را رفع کرده و پوستی درخشان و زیبا داشته باشید. این کرم علاوه بر ترمیم کنندگی دارای خاصیت مراقبت از پوست است؛ بنابراین از ایجاد مجدد لک ها نیز جلوگیری می کند. این کرم دارای خاصیت آرامش بخشی و التیام بخشی نیز می باشد. ,4,false,2022-10-09T12:11:11+00:00,منفی,0.79,محصول,محصول
لوسیون ضد لک بدن حجم 500 میلی لیتر,https://www.khanoumi.com/products/erikeh-whitening-body-lotion-500ml-28477,خیلی ضد لک خوبیه,14,false,2020-05-12T17:29:49+00:00,مثبت,0.67,سایر,سایر
لوسیون ضد لک بدن حجم 500 میلی لیتر,https://www.khanoumi.com/products/erikeh-whitening-body-lotion-500ml-28477,لوسیون خوبیه من راضیم ,17,false,2020-04-18T18:24:55+00:00,مثبت,0.91,سایر,سایر
ژل پاک کننده و کنترل چربی,https://www.khanoumi.com/products/erikeh-oil-control-skin-cleansing-gel-200ml-28478,برای یک محصول ایرانی،این قیمت اصلا ارزش خرید ندارد,0,false,2026-04-28T05:06:41.696675+03:30,مثبت,0.79,قیمت | محصول | اصل بودن کالا,قیمت
ژل پاک کننده و کنترل چربی,https://www.khanoumi.com/products/erikeh-oil-control-skin-cleansing-gel-200ml-28478,عالیه,0,true,2026-04-04T22:34:56.3609495+03:30,مثبت,0.79,سایر,سایر
ژل پاک کننده و کنترل چربی,https://www.khanoumi.com/products/erikeh-oil-control-skin-cleansing-gel-200ml-28478,خیلی خوب و به صرفه هست. به پیشنهاد دکترم خریدم و برای سومین بار میخام تمدید کنم.,0,false,2026-03-28T22:01:52.3039537+03:30,مثبت,0.91,سایر,سایر
ژل پاک کننده و کنترل چربی,https://www.khanoumi.com/products/erikeh-oil-control-skin-cleansing-gel-200ml-28478,لطفا تخفیف 50 درصد بزارید,0,false,2025-02-11T17:42:06.6448976+00:00,خنثی,0.35,قیمت,قیمت
ژل پاک کننده و کنترل چربی,https://www.khanoumi.com/products/erikeh-oil-control-skin-cleansing-gel-200ml-28478,لطفا تخفیف 50 درصد بذارین .,0,false,2025-01-29T12:28:59.3302563+00:00,خنثی,0.35,قیمت,قیمت
پن ضد لک,https://www.khanoumi.com/products/erikeh-sali-bar-100g-28479,لطفا اصلش را موجود کنید . با تشکر,0,false,2025-02-05T20:17:58.5585406+00:00,مثبت,0.67,محصول | اصل بودن کالا,محصول
پن کرم دار مرطوب کننده,https://www.khanoumi.com/products/erikeh-soothing-and-smoothing-bar-100g-28480,بسیار عالی هست و بعد از استفاده پوست من مثل آینه شده و بسیار نرم. البته قبلش با پاک کننده آرایش بایودرما صورتم رو پاک میکنم میشورم و بعدش هم از تونر گلاب عارضی استفاده می کنم و بمب ابرسان کامان. در هر صورت از این محصول بینهایت راضی هستم.,2,false,2022-07-13T10:30:00+00:00,مثبت,0.79,محصول,محصول
میسلار واتر مناسب پوست های چرب و آکنه دار حجم 200 میلی لیتر,https://www.khanoumi.com/products/dafi-micellar-cleansing-water-for-oily-and-acne-skin-200ml-28463,. اصلا قدرت پاک کنندگی اش خوب نیست.,6,false,2020-10-08T12:20:52+00:00,خنثی,0.35,اصل بودن کالا,اصل بودن کالا
میسلار واتر مناسب پوست های چرب و آکنه دار حجم 200 میلی لیتر,https://www.khanoumi.com/products/dafi-micellar-cleansing-water-for-oily-and-acne-skin-200ml-28463,نسبت ب قیمتش واقعا فوق العادس.قدرت پاک کنندگیش خیلی خوبه.حتما تکرارش میکنم,8,false,2020-08-05T17:12:16+00:00,مثبت,0.91,قیمت,قیمت
میسلار واتر مناسب پوست های چرب و آکنه دار حجم 200 میلی لیتر,https://www.khanoumi.com/products/dafi-micellar-cleansing-water-for-oily-and-acne-skin-200ml-28463,پاک کنندگی خوبی داره و هیچ سوزشی روی پوستم احساسم نکردم,3,false,2020-07-16T14:21:01+00:00,مثبت,0.67,محصول,محصول
میسلار واتر مناسب پوست های چرب و آکنه دار حجم 200 میلی لیتر,https://www.khanoumi.com/products/dafi-micellar-cleansing-water-for-oily-and-acne-skin-200ml-28463,من پوست فوق العاده چربی دارم ولی باهاش جوش زدم میشه به عنوان تونر ازش استفاده کرد ....باتشکر,3,true,2020-07-15T14:28:52+00:00,مثبت,0.67,محصول,محصول
میسلار واتر مناسب پوست های چرب و آکنه دار حجم 200 میلی لیتر,https://www.khanoumi.com/products/dafi-micellar-cleansing-water-for-oily-and-acne-skin-200ml-28463,من صورتم رو با هاش تمیز میکنم واقعا عالیه.محشره.چربی پوستم رو کنترل کرده و روشن تر شده پوستم.خوشحالم از خریدش,6,false,2020-07-01T22:48:36+00:00,مثبت,0.79,محصول,محصول
کرم دست و ناخن 4 در 1,https://www.khanoumi.com/products/erikeh-4-in-1-hand-cream-150ml-28481,موجود بشه لطفاا,0,true,2024-05-31T19:57:33+00:00,خنثی,0.35,محصول,محصول
کرم دست و ناخن 4 در 1,https://www.khanoumi.com/products/erikeh-4-in-1-hand-cream-150ml-28481,لطفا این کرم موجود کنید,0,false,2023-12-24T10:32:32+00:00,خنثی,0.35,محصول,محصول
کرم دست و ناخن 4 در 1,https://www.khanoumi.com/products/erikeh-4-in-1-hand-cream-150ml-28481,این کرم محشره من تا به حال دو سری ازش گرفتم من پوست دستم اگزما میشه و به شدت خشکه این کرم خیلی زود جذب میشه بوی خوبی داره و خیلی سبکه ,8,false,2021-07-05T01:34:59+00:00,مثبت,0.67,محصول,محصول
لوسیون مرطوب کننده بدن پمپی,https://www.khanoumi.com/products/erikeh-moisturizing-body-lotion-500ml-28482,عااالی من همیشه ازش استفاده میکنم,0,true,2023-11-08T00:22:23+00:00,خنثی,0.35,سایر,سایر
ضد آفتاب فاقد چربی بدون رنگ اس پی اف 50,https://www.khanoumi.com/products/erikeh-oil-free-invisible-sunscreen-spf50-28483,این ضد آفتاب خیلی خوبه. واقعا روی پوست سبکه و احساس سنگینی و چربی ایجاد نمیکنه. زود جذب پوست میشه. برای من که پوستم چربه عالیه چون اصلا باهاش جوش نزدم و خیلی راضی بودم. بی رنگه و رطوبت رسانه پوسته. قیمت مناسبی داره و ارزش خرید داره. ,1,false,2022-11-19T08:18:51+00:00,مثبت,0.95,محصول | قیمت | اصل بودن کالا,محصول
ضد آفتاب فاقد چربی رنگی اس پی اف 50,https://www.khanoumi.com/products/erikeh-oil-free-tinted-sunscreen-spf50-28484,"کرم بسیار سبکی هست
روی صورت بخوبی میشینه و رنگ تمییزی هم به پوست میده 
من پوست چرب هست نوع رنگیش رو هم استفاده میکنم واقعا عالبه
خیلی طبیعیه رنگش و یک برق طبیعی هم به پوست میده 
 از بهترین ضد آفتاب هایی بوده که تا الان داشتم ",1,false,2023-06-13T17:48:19+00:00,مثبت,0.79,محصول,محصول
ضد آفتاب فاقد چربی رنگی اس پی اف 50,https://www.khanoumi.com/products/erikeh-oil-free-tinted-sunscreen-spf50-28484,این ضد آفتاب بی نظیره فقط کمی قیمتش بالاست اگر تو تخفیف باشه خیلی خوبه من که طرفدارشم شدید😍😅,4,true,2023-02-12T14:38:16+00:00,مثبت,0.91,قیمت,قیمت
ضد آفتاب فاقد چربی رنگی اس پی اف 50,https://www.khanoumi.com/products/erikeh-oil-free-tinted-sunscreen-spf50-28484,آخ آخ نگم که چقدر این کرم محشره! من 25 ساله دارم کرم ضدآفتاب استفاده میکنم و هر مارک و برندی رو امتحان کردم. اما اریکه واقعا عالیه. با این قیمت نمیتونین چنین کیفیتی توو محصول دیگه پیدا کنین. سبک، زود جذب، خوش رنگ، بدون ماسیدگی، بدون تغییر رنگ و از همه مهمتر محافظت بالا. فقط ازش توقع کرم پودر و پوشانندگی بالا نداشته باشین,11,false,2022-12-27T04:23:37+00:00,ترکیبی,0.87,محصول | قیمت,محصول
ضد آفتاب فاقد چربی رنگی اس پی اف 50,https://www.khanoumi.com/products/erikeh-oil-free-tinted-sunscreen-spf50-28484,كرم خيلى سبك هست پوشش كمى داره  پوست سفيد روشن دارم و تيره ام نكرد و سريع جذب شد با اينكه رنكى هست عاليه به نظرم براى روزمره,4,true,2022-06-26T14:44:30+00:00,مثبت,0.79,محصول,محصول
ضد آفتاب فاقد چربی رنگی اس پی اف 50,https://www.khanoumi.com/products/erikeh-oil-free-tinted-sunscreen-spf50-28484,بافت خیلی سبکی داره و قرمز پوست رو رفع میکنه خیلی راضیم,30,false,2020-05-27T13:34:31+00:00,مثبت,0.79,محصول,محصول
 ضد آفتاب فاقد چربی آنتی آکنه رنگی اس پی اف 50,https://www.khanoumi.com/products/erikeh-anti-acne-oil-free-tinted-sunscreen-spf50-28485,لطفا این محصول رو شارژکنید. چند ماهه که ناموجود هست,0,true,2023-12-10T11:14:04+00:00,خنثی,0.35,محصول,محصول
 ضد آفتاب فاقد چربی آنتی آکنه رنگی اس پی اف 50,https://www.khanoumi.com/products/erikeh-anti-acne-oil-free-tinted-sunscreen-spf50-28485,این ضد آفتاب فاقد چربیه و برای پوست های چرب و مختلط خیلی مناسبه. باعث ایجاد جوش نمیشه و چربی پوست و کنترل میکنه. بافت سبکی داره و غلظتش خوبه. کیفیتش خیلی خوبه و قدرت جذب بالایی داره. باعث ایجاد جوش نمیشه و حساسیت زا نیست. ,7,false,2022-10-24T08:35:18+00:00,مثبت,0.95,محصول,محصول
 ضد آفتاب فاقد چربی آنتی آکنه رنگی اس پی اف 50,https://www.khanoumi.com/products/erikeh-anti-acne-oil-free-tinted-sunscreen-spf50-28485,"از این کرم خیلی راضیم
مخصوصا پوست های مستعد جوش وپوست هایی که بعداز شست وشو خشک میشه
بافت خیلی نرم و سبکی داره
و اصلا مواد حساسیت زا نداره
",36,true,2021-11-29T22:16:46+00:00,مثبت,0.91,محصول | اصل بودن کالا,محصول
کرم ترمیم کننده زخم,https://www.khanoumi.com/products/erikeh-repairing-cream-scar-fade-30ml-28486,تاثیر خیلی کم و ملایمی داره,0,true,2026-06-04T09:02:27.2626024+03:30,خنثی,0.35,محصول,محصول
کرم ترمیم کننده زخم,https://www.khanoumi.com/products/erikeh-repairing-cream-scar-fade-30ml-28486,عالیه عالیییییی,0,false,2026-04-17T10:14:10.3471416+03:30,مثبت,0.91,سایر,سایر
کرم ترمیم کننده زخم,https://www.khanoumi.com/products/erikeh-repairing-cream-scar-fade-30ml-28486,کمی آبکیه و روی پوست من که تاثیری نداشت ! با توجه به قیمتش فکر میکردم خیلی عالی باشه,0,false,2025-07-16T12:35:09.7770923+00:00,مثبت,0.67,محصول | قیمت,محصول
کرم ترمیم کننده زخم,https://www.khanoumi.com/products/erikeh-repairing-cream-scar-fade-30ml-28486,فقط میتونم بگم بییییینظیره در مقایسه با قیمتش عالی عمل میکنه، برای سوختگی یا بریدگی که تازه س کمتر از یک هفته کم کم محو میشه جاش,0,false,2023-11-22T02:29:00+00:00,مثبت,0.67,قیمت,قیمت
پرایمر آرایشی بی بی بومر 20 میل,https://www.khanoumi.com/products/missha-bb-boomer-makeup-primer-20ml-28624,این پرایمر خیلی خوبه و پوست و کاملا یکدست میکنه. باعث میشه پوست نرم و مرطوب بشه و خشکی پوست و از بین میبره. با مقدار کمی ازش کل پوست یکدست میشه.,0,false,2023-01-09T08:49:25+00:00,مثبت,0.91,محصول,محصول
پرایمر آرایشی بی بی بومر 20 میل,https://www.khanoumi.com/products/missha-bb-boomer-makeup-primer-20ml-28624,من خیلی ازش راضیم.پوست و آرایش رو یک دست و موندگار میکنه و حتی بعد از پاک کردن آرایش حس میکنم منافذ کوچک تر شدن,4,true,2020-09-20T16:07:38+00:00,مثبت,0.79,محصول,محصول
پرایمر آرایشی بی بی بومر 20 میل,https://www.khanoumi.com/products/missha-bb-boomer-makeup-primer-20ml-28624,"واقعا عالیه . خیلی کوچیکتر از تصوری که از عکسش داشتم . اما برعکس محصولات ایرانی که نصفش هواست فول و خیلی پوست رو یکدست و روشن میکنه کمی گرون به نظر میرسه اما حتماااااا بخریدش😍😍😍
",26,true,2020-06-15T01:59:56+00:00,مثبت,0.79,محصول | قیمت,محصول
محلول میسلار  صورت و دورچشم Sensibio H2O  1000 حجم 50 میلی لیتر,https://www.khanoumi.com/products/bioderma-sensibio-h2o-makeup-removing-micelle-solution-1000ml-28625,سلام .این میسللار واتر عالیه.حجمش زیاده.چشم نمیسوزه.واقعا با یکبار کشیدن پد کاملا چشم و لب و صورت روو پاک می‌کنه حتی آرایش ضد آب رو .و رژ لب مایع ۲۴ ساعته.من توو تخفیف خریدم ۱۵۲.که عالی تر هم شد ممنونم خانومی عزیز,1,true,2020-08-15T18:30:19+00:00,مثبت,0.95,محصول | قیمت,محصول
محلول میسلار  صورت و دورچشم Sensibio H2O  1000 حجم 50 میلی لیتر,https://www.khanoumi.com/products/bioderma-sensibio-h2o-makeup-removing-micelle-solution-1000ml-28625,عالیه مخصوصا این حجمش که به صرفه میشه به نسبت اما بعد از استفادش حتما آبکشی کنید و بشورید صورتتون رو بر خلاف گفته ها وگرنه امکان داره جوش بزنید در کل من چندین بار از این محصول گرفتم و راضی هستم ,3,true,2020-08-04T14:22:28+00:00,مثبت,0.91,محصول,محصول
محلول میسلار  صورت و دورچشم Sensibio H2O  1000 حجم 50 میلی لیتر,https://www.khanoumi.com/products/bioderma-sensibio-h2o-makeup-removing-micelle-solution-1000ml-28625,محصول خیلی خوبیه که قدرت پاک کنندگیش عالیه.خیلی زود و با بسته بندی مطابق تصویر رسید دستم ,5,true,2020-07-21T02:45:26+00:00,مثبت,0.95,تحویل و ارسال | محصول,تحویل و ارسال
محلول میسلار  صورت و دورچشم Sensibio H2O  1000 حجم 50 میلی لیتر,https://www.khanoumi.com/products/bioderma-sensibio-h2o-makeup-removing-micelle-solution-1000ml-28625,از خرید از سایت خانومی بسیار راضیم محصول با قیمت عالی و تمیز و بسته بندی خوب به دستم رسید خیلی ممنونم از این همه دقت...لذت بردم,8,true,2020-06-30T14:23:14+00:00,مثبت,0.95,تحویل و ارسال | محصول | قیمت,تحویل و ارسال
محلول میسلار  صورت و دورچشم Sensibio H2O  1000 حجم 50 میلی لیتر,https://www.khanoumi.com/products/bioderma-sensibio-h2o-makeup-removing-micelle-solution-1000ml-28625,سلام .من دوبار این محصول رو خریدم از خانومی . عالی بود . هم به موقع ارسال شد هم قیمتش عالی بود,7,true,2020-06-28T21:11:45+00:00,مثبت,0.95,محصول | تحویل و ارسال | قیمت,محصول
محلول میسلار  صورت و دورچشم Sensibio H2O  1000 حجم 50 میلی لیتر,https://www.khanoumi.com/products/bioderma-sensibio-h2o-makeup-removing-micelle-solution-1000ml-28625,من از خانومی این محصول روخریداری کردم هم محصول فوق العاده بود هم شرکت بینظیر تحویل به موقع بسته بندی عالی وکاملا هم کالا اصل بود درود برشما وممنون از لطف شما قیمت هم که اصلا حرف نداره بینظیرید ,5,true,2020-06-28T00:25:15+00:00,مثبت,0.95,محصول | تحویل و ارسال | اصل بودن کالا | قیمت,محصول
محلول میسلار  صورت و دورچشم Sensibio H2O  1000 حجم 50 میلی لیتر,https://www.khanoumi.com/products/bioderma-sensibio-h2o-makeup-removing-micelle-solution-1000ml-28625,من استفاده میکنم و خیلی راضیم,6,true,2020-06-23T04:06:53+00:00,مثبت,0.79,سایر,سایر
محلول میسلار  صورت و دورچشم Sensibio H2O  1000 حجم 50 میلی لیتر,https://www.khanoumi.com/products/bioderma-sensibio-h2o-makeup-removing-micelle-solution-1000ml-28625,عالی👍👍👍🌹🌹🌹,6,true,2020-06-22T00:24:41+00:00,مثبت,0.67,سایر,سایر
محلول میسلار  صورت و دورچشم Sensibio H2O  1000 حجم 50 میلی لیتر,https://www.khanoumi.com/products/bioderma-sensibio-h2o-makeup-removing-micelle-solution-1000ml-28625,برای من که همیشه مشکل سیاهیِ دور چشم بخاطر مداد چشم و ریمل دارم . این معجزه‌س. خیلی وقته استفاده میکردم. اما این محصول یک لیتری خیلی حال داد . تو بازار ک قیمتش رو میبینم.نفس راحت میکشم,18,true,2020-05-30T23:02:24+00:00,خنثی,0.35,محصول | قیمت,محصول
محلول میسلار  صورت و دورچشم Sensibio H2O  1000 حجم 50 میلی لیتر,https://www.khanoumi.com/products/bioderma-sensibio-h2o-makeup-removing-micelle-solution-1000ml-28625,عالی بود خیلی زود ب دستم رسید ممنون اولین خریدم بود,13,true,2020-05-05T13:18:51+00:00,مثبت,0.91,محصول | تحویل و ارسال,محصول
دستگاه اسکرابر پوست نوولو,https://www.khanoumi.com/products/miotto-novllo-skin-scrubber-28626,نه فقط برای جوش های سر سیاه جوش و ... برای لک های صورت نیست,0,false,2026-06-26T17:19:13.8163533+03:30,خنثی,0.35,سایر,سایر
دستگاه اسکرابر پوست نوولو,https://www.khanoumi.com/products/miotto-novllo-skin-scrubber-28626,کساییکه استفاده کردن،میشه لطف کنید بگید برا لک صورت مفید بوده یا نه,0,false,2025-06-08T02:53:08.5949361+00:00,خنثی,0.35,محصول,محصول
دستگاه اسکرابر پوست نوولو,https://www.khanoumi.com/products/miotto-novllo-skin-scrubber-28626,لطفا موجود کنید,0,false,2025-02-16T16:13:05.0876472+00:00,خنثی,0.35,محصول,محصول
دستگاه اسکرابر پوست نوولو,https://www.khanoumi.com/products/miotto-novllo-skin-scrubber-28626,کی شارژ میشه,0,false,2024-12-15T21:32:16.8029848+00:00,خنثی,0.35,سایر,سایر
دستگاه اسکرابر پوست نوولو,https://www.khanoumi.com/products/miotto-novllo-skin-scrubber-28626,کی شارژ میشه,0,false,2024-10-22T16:37:12.0033422+00:00,خنثی,0.35,سایر,سایر
دستگاه اسکرابر پوست نوولو,https://www.khanoumi.com/products/miotto-novllo-skin-scrubber-28626,عالیه بینظیره❤❤❤❤❤💋💋💋💋💋,0,false,2020-05-09T19:34:04+00:00,مثبت,0.79,سایر,سایر
کیت مراقبت پوست رویال ژلی,https://www.khanoumi.com/products/juwan-royal-jelly-kit-28627,خواهشا موجود کنین با قیمت خوب,0,false,2024-01-19T20:31:05+00:00,مثبت,0.67,محصول | قیمت,محصول
کیت مراقبت پوست رویال ژلی,https://www.khanoumi.com/products/juwan-royal-jelly-kit-28627,"من دنبال یه محصول برای مراقبت روزانه از پوستم بودم که باعث حفظ شادابی و سلامتش بشه که به پیشنهاد یکی از دوستام کیت مراقبت پوست رویال ژلی ژوان رو از فروشگاه اینترنتی خانومی سفارش دادم. حدودا 40 روزه که به طور منظم از این کیت که حاوی یک فوم شستشو و یک کرم ضدچروکه استفاده میکنم. فوم ژوان به خوبی منافذ پوستم رو پاکسازی می‌کنه و اصلا باعث خشک شدن و ایجاد حس کشیدگی روی اون نمیشه. کرم ضدچروک ژوان هم به بهبود انعطاف و سفتی پوستم کمک کرده، موجب کاهش خطوط ریز روی اون شده و فکر میکنم برای شاداب و با طراوت شدن پوستم هم مفید بوده. احساس میکنم توی این مدت کیفیت پوستم خیلی بهتر شده و رنگ پوستم شفاف و یکنواخت‌تر شده. در نهایت باید بگم که از خرید این پک واقعا راضیم و حتما دوباره شارژش میکنم.
",1,false,2022-06-10T23:19:03+00:00,مثبت,0.95,محصول | اصل بودن کالا,محصول
کیت مراقبت پوست رویال ژلی,https://www.khanoumi.com/products/juwan-royal-jelly-kit-28627,من خیلی راضی بودم...سه‌تا پک خریدم,2,true,2022-01-16T13:54:19+00:00,مثبت,0.67,محصول,محصول
کیت مراقبت پوست رویال ژلی,https://www.khanoumi.com/products/juwan-royal-jelly-kit-28627,محصولی عالی,3,false,2021-07-08T12:23:16+00:00,مثبت,0.67,محصول,محصول
کیت مراقبت پوست رویال ژلی,https://www.khanoumi.com/products/juwan-royal-jelly-kit-28627,عالیه من خیلی راضی هستم😍,6,false,2020-11-14T22:19:51+00:00,مثبت,0.91,سایر,سایر
کیت مراقبت پوست رویال ژلی,https://www.khanoumi.com/products/juwan-royal-jelly-kit-28627,خیلی عالیه😍,4,false,2020-11-03T22:11:43+00:00,مثبت,0.79,سایر,سایر
کیت مراقبت پوست رویال ژلی,https://www.khanoumi.com/products/juwan-royal-jelly-kit-28627,کرمش خوبه ولی فومش پوستمو خشک کرد ,3,true,2020-10-16T01:38:54+00:00,مثبت,0.79,محصول,محصول
کیت مراقبت پوست رویال ژلی,https://www.khanoumi.com/products/juwan-royal-jelly-kit-28627,"من این محصول رو تا قطره آخر استفاده کردم واقعا عالیه و برای هر نوع پوستی مناسبه و واقعا با نمونه های خارجی برابری میکنه و قوم شستشوی این محصول عالی و ملایمه من دو پک دیگه هم ازش خریدم
من این محصول رو به همه پیشنهاد میدم",5,true,2020-10-11T11:15:39+00:00,مثبت,0.95,محصول,محصول
 فوم اصلاح مردانه با عصاره آلوئه ورا مناسب پوست حساس 200 میل,https://www.khanoumi.com/products/biol-aloe-vera-extract-shaving-foam-200ml-28628,"من شخصا باهاش خیلی حال کردم 
واقعا پوست من سوزش نگرفت و اذیت نشد 
پیشنهاد میکنم بعدش از افتر شیوش هم استفاده کنین که عالی بشه",0,true,2026-04-10T01:10:17.6940401+03:30,منفی,0.67,محصول,محصول
 فوم اصلاح مردانه با عصاره آلوئه ورا مناسب پوست حساس 200 میل,https://www.khanoumi.com/products/biol-aloe-vera-extract-shaving-foam-200ml-28628,بوی برف شادی میده و بافتشم همینه روان نیست و خیلی استفاده ازش راحت نیست فکر مثکردن با قیمت زیادتری ک نسبت ب ژل کاسپین داشت خفن تر باشه اما جا خوردم برای بار اول استفاده کردم معمولا بار اول تحریک نمیشم دفعه های بعد باید ببینم تحریک داره یانه.,0,false,2026-03-31T01:21:56.503834+03:30,خنثی,0.35,محصول | قیمت,محصول
 فوم اصلاح مردانه با عصاره آلوئه ورا مناسب پوست حساس 200 میل,https://www.khanoumi.com/products/biol-aloe-vera-extract-shaving-foam-200ml-28628,دقیقا با برف شادی فرقی نداره روان نیست سوزش ایجاد میکنه,0,true,2025-08-02T10:39:54.0222948+00:00,خنثی,0.35,سایر,سایر
 فوم اصلاح مردانه با عصاره آلوئه ورا مناسب پوست حساس 200 میل,https://www.khanoumi.com/products/biol-aloe-vera-extract-shaving-foam-200ml-28628,لطفا با تخفیف موجود کنید،ممنون,0,false,2024-05-10T17:17:27+00:00,مثبت,0.67,محصول | قیمت,محصول
 فوم اصلاح مردانه با عصاره درخت چای مناسب پوست چرب 200 میل,https://www.khanoumi.com/products/biol-tea-tree-extract-shaving-foam-200ml-28629,لطفا موجود کنید،ممنون,0,false,2024-05-10T17:18:58+00:00,مثبت,0.67,محصول,محصول
 فوم اصلاح مردانه 2 در 1 نعنا مناسب پوست نرمال 200 میل,https://www.khanoumi.com/products/biol-2-in-1-mint-extarct-shaving-foam-200ml-28630,به هیچ وجه محصول خوبی نیست و روی پوست میماسه و موقع اصلاح اثر نداره,0,true,2025-08-15T12:48:46.7033477+00:00,منفی,0.79,محصول | اصل بودن کالا,اصل بودن کالا
 فوم اصلاح مردانه 2 در 1 نعنا مناسب پوست نرمال 200 میل,https://www.khanoumi.com/products/biol-2-in-1-mint-extarct-shaving-foam-200ml-28630,من اینو بار دوم هست برای همسرم سفارش میدم ،خیلی خوبه,0,true,2025-08-12T10:55:53.646827+00:00,مثبت,0.91,سایر,سایر
 فوم اصلاح مردانه 2 در 1 نعنا مناسب پوست نرمال 200 میل,https://www.khanoumi.com/products/biol-2-in-1-mint-extarct-shaving-foam-200ml-28630,خیلی تمیز و با کلاس هستش.کف خوبی ایجاد می‌کنه که لطافت پوست رو بعد از اصلاح به همراه داره.,0,true,2022-06-07T12:35:59+00:00,مثبت,0.79,محصول | اصل بودن کالا,محصول
دستمال مرطوب آرایشی رزهیپ مخصوص پوست مختلط,https://www.khanoumi.com/products/biol-rose-hip-makeup-remover-wet-wipes-28631,تو تخفیف 60 خریده بودم می ارزید,0,true,2026-08-28T08:01:44.9108483+03:30,خنثی,0.35,محصول | قیمت,محصول
دستمال مرطوب آرایشی رزهیپ مخصوص پوست مختلط,https://www.khanoumi.com/products/biol-rose-hip-makeup-remover-wet-wipes-28631,عالیه. بوی خوب و رطوبت کافی داره.,0,true,2026-07-27T00:20:50.7388821+03:30,مثبت,0.91,محصول,محصول
دستمال مرطوب آرایشی رزهیپ مخصوص پوست مختلط,https://www.khanoumi.com/products/biol-rose-hip-makeup-remover-wet-wipes-28631,خوبه,0,true,2026-02-12T01:00:20.1047563+03:30,مثبت,0.79,سایر,سایر
دستمال مرطوب آرایشی رزهیپ مخصوص پوست مختلط,https://www.khanoumi.com/products/biol-rose-hip-makeup-remover-wet-wipes-28631,بوش چطوریه,0,false,2025-06-24T06:22:02.6894692+00:00,خنثی,0.35,محصول,محصول
دستمال مرطوب آرایشی رزهیپ مخصوص پوست مختلط,https://www.khanoumi.com/products/biol-rose-hip-makeup-remover-wet-wipes-28631,برای من راضی کننده بود و دوسش داشتم,0,true,2025-01-29T21:51:42.1318383+00:00,مثبت,0.79,محصول,محصول
دستمال مرطوب آرایشی رزهیپ مخصوص پوست مختلط,https://www.khanoumi.com/products/biol-rose-hip-makeup-remover-wet-wipes-28631,این دستمال مرطوب عالیه و خیلی از خریدش راضی بودم. کاملا ارایش و از روی پوست پاک میکنه و خیلی رطوبت رسانه. اصلا پوست وخشک نمیکنه و باعث ایجاد قرمزی و حساسیت نمیشه. قیمتشم خیلی مناسبه و همه جا مخصوصا توی سفر کاربرد داره.,0,false,2022-11-22T16:59:17+00:00,مثبت,0.95,محصول | اصل بودن کالا | قیمت,محصول
دستمال مرطوب آرایشی رزهیپ مخصوص پوست مختلط,https://www.khanoumi.com/products/biol-rose-hip-makeup-remover-wet-wipes-28631,برای همه ی پوست ها مناسبه و خیس بودنش به اندازست مثل دستمال های دیگه اخراش هم خشک نمیشه برای استفاده برای آرایش روزمره عالیه ,0,true,2021-08-16T08:30:25+00:00,مثبت,0.79,محصول,محصول
دستمال مرطوب آرایشی رزهیپ مخصوص پوست مختلط,https://www.khanoumi.com/products/biol-rose-hip-makeup-remover-wet-wipes-28631,معمولیه عالی نیست,0,false,2020-06-07T14:38:21+00:00,منفی,0.67,محصول,محصول
دستمال مرطوب آرایشی رزهیپ مخصوص پوست مختلط,https://www.khanoumi.com/products/biol-rose-hip-makeup-remover-wet-wipes-28631,"من چندهفته ای هست که استفاده میکنم و ب عنولن ی دستمال مرطوب برای پاک کردن ارایش بسیار راضی هستم...
این دستمال از بقیه دستمال هایی که استفاده میکردم خیس تره و به همین خاطر کامل ارایش رو پاک میکنه و جذب خیلی زیادی داره و ارایش رو از روی صورت کامل پاک میکنه و من حتی ریمل ضدآبم رو به راحتی از روی مژه هام تمیز میکنم و در کل عاشقشم و یکی از پایه ثابت های سفارشم شد😍",5,true,2020-03-26T17:21:52+00:00,مثبت,0.79,سایر,سایر
دستمال مرطوب آرایشی درخت چای مخصوص پوست چرب,https://www.khanoumi.com/products/biol-tea-tree-makeup-remover-wet-wipes-28632,بوی خیلی خوبی داره پاک کنندگیش هم خوبه,0,true,2026-04-16T02:28:43.6260823+03:30,مثبت,0.95,محصول,محصول
دستمال مرطوب آرایشی درخت چای مخصوص پوست چرب,https://www.khanoumi.com/products/biol-tea-tree-makeup-remover-wet-wipes-28632,یه ذره بوش رو دوست نداشتم رنگ صورتیش خوشبو تره ولی در کل یه ذره نازکن اگه ارایش زیاد میکنید باید دوتا مصرف کنید اما خب ب نسبت قیمت خوبه,0,true,2025-04-07T17:27:07.690238+00:00,مثبت,0.79,محصول | قیمت,محصول
دستمال مرطوب آرایشی درخت چای مخصوص پوست چرب,https://www.khanoumi.com/products/biol-tea-tree-makeup-remover-wet-wipes-28632,برای پوست چرب خوبه ولی خیلی نازکه,0,true,2024-06-18T07:30:16+00:00,مثبت,0.79,محصول,محصول
دستمال مرطوب آرایشی درخت چای مخصوص پوست چرب,https://www.khanoumi.com/products/biol-tea-tree-makeup-remover-wet-wipes-28632,سلام دوستان عزیز من ازین محصول واقعا راضیم اولین و بهترین دستمال مرطوب مخصوص پوست چرب ک انقدر خوب و عالی حتما پیشنهاد میکنم تهیه ش کنید ممنون از فروشگاه خانومی,0,true,2023-11-23T16:30:00+00:00,مثبت,0.95,محصول,محصول
دستمال مرطوب آرایشی روغن آرگان مخصوص پوست خشک و حساس,https://www.khanoumi.com/products/biol-argan-oil-makeup-remover-wet-wipes-28633,بوی خوبی داره پاک کنندگیش بالاس فقط اگه پوستتون خشکه بعدش باید حتما مرطوب کننده استفاده کنید,0,true,2025-04-22T23:30:44.3461215+00:00,مثبت,0.67,محصول,محصول
دستمال مرطوب آرایشی روغن آرگان مخصوص پوست خشک و حساس,https://www.khanoumi.com/products/biol-argan-oil-makeup-remover-wet-wipes-28633,بوی خوبی نداره ، پاک کنندگی متوسطی هم داره ,0,true,2024-04-06T22:03:00+00:00,منفی,0.67,محصول,محصول
دستمال مرطوب آرایشی روغن آرگان مخصوص پوست خشک و حساس,https://www.khanoumi.com/products/biol-argan-oil-makeup-remover-wet-wipes-28633,پیشنهاد میکنم کلا محصولات بیول کیفیت خوبی دارن ,0,true,2024-03-14T20:26:04+00:00,مثبت,0.95,محصول,محصول
دستمال مرطوب آرایشی روغن آرگان مخصوص پوست خشک و حساس,https://www.khanoumi.com/products/biol-argan-oil-makeup-remover-wet-wipes-28633,من خیلی راضیم پوستمو خشک نمی کنه و خیلی راحت پاک میشه ,0,true,2020-04-22T22:23:27+00:00,مثبت,0.79,محصول,محصول
دستمال مرطوب آرایشی چشم با عصاره بابونه,https://www.khanoumi.com/products/biol-chamomile-eye-makeup-remover-wet-wipes-28634,خیلی خوبه راضی ام . با توجه به این که پاک کننده برای چشم هست اصلا چشم رو اذیت نمیکنه و نمیسوزونه قدرت پاک کنندگی خوبی داره,0,false,2026-04-13T21:32:09.3327707+03:30,مثبت,0.95,اصل بودن کالا,اصل بودن کالا
دستمال مرطوب آرایشی چشم با عصاره بابونه,https://www.khanoumi.com/products/biol-chamomile-eye-makeup-remover-wet-wipes-28634,تعدادش خیلی کمه,0,true,2025-09-24T16:43:22.7549154+03:30,خنثی,0.35,سایر,سایر
دستمال مرطوب آرایشی چشم با عصاره بابونه,https://www.khanoumi.com/products/biol-chamomile-eye-makeup-remover-wet-wipes-28634,ازش راضی ام خوبه قدرت پاک کنندگیش,0,true,2025-06-19T09:40:38.8834805+00:00,مثبت,0.95,سایر,سایر
دستمال مرطوب آرایشی چشم با عصاره بابونه,https://www.khanoumi.com/products/biol-chamomile-eye-makeup-remover-wet-wipes-28634,خیلی خوبه اصلا نمیچسبه وخوب تمیز میکنه فقط تعدادش کمه,0,true,2025-04-09T10:42:19.0397772+00:00,منفی,0.95,اصل بودن کالا,اصل بودن کالا
دستمال مرطوب آرایشی چشم با عصاره بابونه,https://www.khanoumi.com/products/biol-chamomile-eye-makeup-remover-wet-wipes-28634,این دستمال کیفیت خوبی داره و می‌تونه  آرایش صورت رو بدون پخش کردن از روی پوست پاک کن. پوست من حساسه و کمی به این دستمال حساسیت نشون داد. اما در کل پاک کننده خوبی بود.,1,false,2022-06-26T13:13:58+00:00,ترکیبی,0.87,محصول,محصول
پکیج سفری مراقبت از پوست کودک,https://www.khanoumi.com/products/uriage-travel-pack-for-baby-28644,عالی بود,1,false,2020-08-23T09:18:22+00:00,مثبت,0.79,محصول,محصول
پکیج سفری مراقبت از پوست کودک,https://www.khanoumi.com/products/uriage-travel-pack-for-baby-28644,بسیار عالی و شیک .همراه کیف با کیفیت خوب,5,true,2020-06-01T11:30:30+00:00,مثبت,0.91,محصول,محصول
بالم نرم و براق کننده لب آلوئه ورا,https://www.khanoumi.com/products/comeon-aloevera-lip-balm-28645,"من خیلی راضی نبودم چند هفته س دارم استفاده میکنم
وقتی استفاده میکنی رو لب حس سنگینی میده
تا وقتی رو لب هست خوبه ولی بعدش همون حالت قبل
اگه نوشیدنی بخورید واضح رد چربی روی لیوان یا فنجون میمونه اصلا جذب نداره
ترجیح میدم یکم بیشتر هزینه کنم چیزی بگیرم که هم جذب بهتری داشته باشه هم اس پی اف",0,true,2026-07-10T12:18:08.2692198+03:30,خنثی,0.35,محصول | اصل بودن کالا | قیمت,محصول
بالم نرم و براق کننده لب آلوئه ورا,https://www.khanoumi.com/products/comeon-aloevera-lip-balm-28645,بو و مزه خیلی بدی داره.,0,true,2025-12-25T16:34:58.1842483+03:30,منفی,0.67,محصول,محصول
بالم نرم و براق کننده لب آلوئه ورا,https://www.khanoumi.com/products/comeon-aloevera-lip-balm-28645,خوبه.. راضیم.,0,false,2025-06-26T07:39:25.2367628+00:00,مثبت,0.95,سایر,سایر
بالم نرم و براق کننده لب آلوئه ورا,https://www.khanoumi.com/products/comeon-aloevera-lip-balm-28645,من خیلی راضیم لب هارو آبرسانی میکنه و خشکی لب کاملا برطرف میکنه,0,false,2025-03-05T16:28:10.134506+00:00,مثبت,0.79,سایر,سایر
بالم نرم و براق کننده لب آلوئه ورا,https://www.khanoumi.com/products/comeon-aloevera-lip-balm-28645,خیلی خوب بود,0,true,2025-03-03T12:28:21.9072646+00:00,مثبت,0.91,محصول,محصول
بالم نرم و براق کننده لب آلوئه ورا,https://www.khanoumi.com/products/comeon-aloevera-lip-balm-28645,من ازش راضی بودم بعد استفاده لبام رو خیلی نرم میکنه ,0,false,2024-04-05T10:56:28+00:00,مثبت,0.67,محصول,محصول
بالم نرم و براق کننده لب آلوئه ورا,https://www.khanoumi.com/products/comeon-aloevera-lip-balm-28645,من واقعا عاشق همه محصولات کامان هستم. به نظرم خیلی روی ترکیبات این محصول کار کردن. این که نه پارابن داره نه سولفات خیلی خوبه. مخصوصا برای منی که همش لبم رو میخورم.,0,false,2024-01-19T23:14:06+00:00,مثبت,0.91,محصول,محصول
بالم نرم و براق کننده لب آلوئه ورا,https://www.khanoumi.com/products/comeon-aloevera-lip-balm-28645,من پوستم چربه و خب لبام هیچ مشکلی نداره اما برای اینکه شیک تر باشم دنبال یک بالم لب بی رنگ بودم که روزانه بتونم ازش استفاده کنم. این محصول کامان با اون بوی خوبش من رو جذب خودش کرد. تازه اصلا حس سنگینی روی لبم نداره و خیلی سریع جذب میشه,0,false,2024-01-19T23:13:45+00:00,مثبت,0.79,محصول | اصل بودن کالا,محصول
بالم نرم و براق کننده لب آلوئه ورا,https://www.khanoumi.com/products/comeon-aloevera-lip-balm-28645,"من برای بار 3ام هست که دارم این محصول رو میخرم. یدونه هم برای دختر کوچولوم خریدم که هی به مال من دست نزنه. واقعا محصول خوبیه

",0,false,2024-01-18T17:48:05+00:00,مثبت,0.67,محصول,محصول
بالم نرم و براق کننده لب آلوئه ورا,https://www.khanoumi.com/products/comeon-aloevera-lip-balm-28645,توی خریدش شک نکنین. یه محصول عالی دیگه از کامان. پوست لبتون رو اگه کم آبه به خوبی ابرسانی میکنه و از پوسته پوسته شدنش جلوگیری میکنه. حتی تا حدی هم محصول درمانیه. تازه دربرابر اشعه های بد آفتاب هم هوای لبتون رو داره,0,false,2024-01-18T12:58:06+00:00,ترکیبی,0.79,محصول,محصول
بالم نرم و براق کننده لب آلوئه ورا,https://www.khanoumi.com/products/comeon-aloevera-lip-balm-28645,واقعا ترکیبات این محصول توی کمتر محصول ایرانی ای پیدا میشه. حتی خودش یه ضدافتاب هم محسوب میشه. دیگه چی بهتر از این؟,0,false,2024-01-18T11:13:51+00:00,خنثی,0.35,محصول,محصول
بالم نرم و براق کننده لب آلوئه ورا,https://www.khanoumi.com/products/comeon-aloevera-lip-balm-28645,من بدنم کم آبی داره و هم پوست صورتم خشک میشه هم لبام . دکترم برای پوست و لبم محصولات کامان رو بهم معرفی کرد. تا اینجا که از همشون راضی بودم.,0,false,2023-12-18T17:19:47+00:00,ترکیبی,0.71,محصول,محصول
بالم نرم و براق کننده لب آلوئه ورا,https://www.khanoumi.com/products/comeon-aloevera-lip-balm-28645,این بالم رو دکتر بهم معریف کردو نه پارابن داره نه سولفات، حتی توش فاکتورهایی مراقبتی دربرابر آفتابم داره. من هر روز توی کیفم میذارمش و خیلی دوسش دارم,0,false,2023-12-16T12:47:55+00:00,خنثی,0.35,سایر,سایر
بالم نرم و براق کننده لب آلوئه ورا,https://www.khanoumi.com/products/comeon-aloevera-lip-balm-28645,اگه توی زمستون لباتون ترک ترک میشه یا مثل من خون میاد این لیپ بالم رو برای خودتو بخرید. نمیتونم توصیف کنم چقدر کمکم کرده,0,false,2023-12-13T11:08:40+00:00,خنثی,0.35,سایر,سایر
بالم نرم و براق کننده لب آلوئه ورا,https://www.khanoumi.com/products/comeon-aloevera-lip-balm-28645,من به توصیه دکتر برای دختر کوچولوم خریدم تا به جای رژ استفاده کنه. عاشقشه بوش رو خیلی دوست داره. خیال منم راحته چون هیچ ماده بدی برای دخترم نداره چون خیلی لبش رو میخوره,0,false,2023-12-11T10:55:25+00:00,ترکیبی,0.66,محصول,محصول
بالم نرم و براق کننده لب آلوئه ورا,https://www.khanoumi.com/products/comeon-aloevera-lip-balm-28645,شاید خیلی ها ندونن ولی این لیپ بالم در نقش یه صدآفتاب برای لب هاتونم عمل میکنه. هم نرمش میکنه هم حس سنگینی نمیده دیگه چی میخواید,0,false,2023-12-11T10:55:07+00:00,خنثی,0.35,سایر,سایر
بالم نرم و براق کننده لب آلوئه ورا,https://www.khanoumi.com/products/comeon-aloevera-lip-balm-28645,من دنبال یه بالم لب بی رنگ بودم. اصلا دوست ندارم رنگی باشه. این بالم لب هم بوش خیلی خوبه هم واقعا درمانیه و لباتون رو خیلی نرم میکنه,0,false,2023-11-29T11:38:55+00:00,مثبت,0.79,محصول | اصل بودن کالا,محصول
بالم نرم و براق کننده لب آلوئه ورا,https://www.khanoumi.com/products/comeon-aloevera-lip-balm-28645,مخصوصا توی این فصل سرما لب های من به شدت خشک میشه. مخصوصا هوا هم که آلوده میشه بدتر پوست لبم انقدر خشک میشه که پوسته پوسته میشه. این رو به توصیه یکی از دوستام خریدم. چند باری استفاده کردم و راضی بودم,0,false,2023-11-27T15:47:47+00:00,ترکیبی,0.74,محصول,محصول
بالم نرم و براق کننده لب آلوئه ورا,https://www.khanoumi.com/products/comeon-aloevera-lip-balm-28645,من این لیپ بالم رو خیلی اتفاقی خریدم ولی الان مدتیه تموم شده بود دوباره از خانومی سفارشش دادم. خیلی سبکه و آبرسانی میکنه لب رو . من پیشنهادش میکنم,0,false,2023-11-27T11:42:52+00:00,مثبت,0.67,محصول,محصول
بالم نرم و براق کننده لب آلوئه ورا,https://www.khanoumi.com/products/comeon-aloevera-lip-balm-28645,"چیزی شبیه معجزه 
تا باحال حدود ده باری خریدمش برای دخترم ",0,true,2023-11-06T19:54:36+00:00,خنثی,0.35,سایر,سایر
بالم نرم و براق کننده لب آلوئه ورا,https://www.khanoumi.com/products/comeon-aloevera-lip-balm-28645,خیلییییی خوبه. هم بوی خیلی خوبی میده هم خیلی خوب لبهارو ابرسانی میکنه. همین مارک ولی اسانس توت فرنگیش خوب نیس.الوراش عالیه,1,false,2022-08-06T01:13:01+00:00,مثبت,0.95,محصول,محصول
بالم نرم و براق کننده لب آلوئه ورا,https://www.khanoumi.com/products/comeon-aloevera-lip-balm-28645,من بخاطر این که بدنم کم آبه، لبم زود به زود خشک میشه. مجبورم همش ی بالم لبی چیزی همراهم باشه که لبم خیلی خشک نشه. بالم لب کامان رو تست کردم خوب بود مرطوب کنندگیش.,1,false,2022-06-18T08:56:35+00:00,ترکیبی,0.79,محصول,محصول
بالم نرم و براق کننده لب آلوئه ورا,https://www.khanoumi.com/products/comeon-aloevera-lip-balm-28645,خیلی چرب و سنگینه، مثل اینه که کرم وازلین بمالی به لبت، بعد هم که اثرش‌میره لب خشک میشه، انگار‌فقط چربی داره، آبرسانی نداره,4,true,2020-10-26T13:21:43+00:00,خنثی,0.35,محصول,محصول
بالم نرم و براق کننده لب آلوئه ورا,https://www.khanoumi.com/products/comeon-aloevera-lip-balm-28645,"  بوی بد،سفت و بی اثر
وقتی که میزنین فقط همون لحظه نرمه  🤦‍♀️",1,false,2020-10-07T15:49:06+00:00,منفی,0.67,محصول,محصول
بالم نرم و براق کننده لب آلوئه ورا,https://www.khanoumi.com/products/comeon-aloevera-lip-balm-28645,"مدتیه استفاده میکنم, کاملا نرم و روان هستش, بعداز چند دقیقه جذب میشه و به لبها حالت چسبناک وچرب  نمیده, از وقتی استفاده میکنم, دیگه لبهام ترک نمیخوره وپوسته پوسته نمیشه",10,true,2020-09-30T02:53:10+00:00,خنثی,0.35,محصول,محصول
بالم نرم و براق کننده لب آلوئه ورا,https://www.khanoumi.com/products/comeon-aloevera-lip-balm-28645,بوی بدی داره، حالمو بد میکنه هروقت میزنم,0,false,2020-09-13T23:15:29+00:00,منفی,0.79,محصول,محصول
بالم نرم و براق کننده لب آلوئه ورا,https://www.khanoumi.com/products/comeon-aloevera-lip-balm-28645,من عاشق همه محصولات کامانم. این بالم لب رو تازه گرفتم امتحان کردم و اصلا دوسش ندارم. خیلی سفته و چرب میکنه. دکتر ژیلا برای لبم بهتر بود. ,0,true,2020-08-23T13:34:38+00:00,منفی,0.67,محصول | اصل بودن کالا,اصل بودن کالا
بالم نرم و براق کننده لب آلوئه ورا,https://www.khanoumi.com/products/comeon-aloevera-lip-balm-28645,بوی خوبی  داره 👍👍👍,0,false,2020-05-13T11:08:59+00:00,مثبت,0.67,محصول,محصول
بالم نرم و براق کننده لب آلوئه ورا,https://www.khanoumi.com/products/comeon-aloevera-lip-balm-28645,بوش خوبه ,0,false,2020-05-07T07:00:42+00:00,مثبت,0.79,محصول,محصول
بالم نرم و براق کننده لب آلوئه ورا,https://www.khanoumi.com/products/comeon-aloevera-lip-balm-28645,"حجم خیلی کمی داره
بافتش سفته و روان نیست",0,true,2020-04-26T16:39:31+00:00,خنثی,0.35,محصول,محصول
بالم نرم و براق کننده لب آلوئه ورا,https://www.khanoumi.com/products/comeon-aloevera-lip-balm-28645,، نسبت به قیمتشم حجم کوچیکی داره ,1,true,2020-04-16T02:01:54+00:00,خنثی,0.35,محصول | قیمت,محصول
بالم نرم و براق کننده لب توت فرنگی,https://www.khanoumi.com/products/comeon-strawberry-lip-balm-28646,نه خیلی خوب بود و نه خیلی بد ماندگاری بالایی نداره فقط در حد چرب کردن سادس که زود به زود هم باید تمدید شه,0,true,2024-02-13T14:43:04+00:00,مثبت,0.79,محصول,محصول
بالم نرم و براق کننده لب توت فرنگی,https://www.khanoumi.com/products/comeon-strawberry-lip-balm-28646,بالم لب کامان، از اون دسته محصولات مراقبتیه که برای هر فردی واجبه. با استفاده از این بالم لب، لب به خوبی نرم میشه و اگر ترک یا خشکی داشته باشه بر طرف میشه. همچنین این بالم لب می تونه گزینه مناسبی برای استفاده به عنوان زیر ساز آرایش لب هم باشه. ,2,false,2022-02-12T08:34:14+00:00,مثبت,0.67,محصول,محصول
بالم نرم و براق کننده لب توت فرنگی,https://www.khanoumi.com/products/comeon-strawberry-lip-balm-28646,"اصلا خوب نیست بی کیفیته
بل یا لبلو بخرید خیلی بهتره",1,false,2021-09-20T18:42:47+00:00,منفی,0.67,محصول | اصل بودن کالا,اصل بودن کالا
بالم نرم و براق کننده لب توت فرنگی,https://www.khanoumi.com/products/comeon-strawberry-lip-balm-28646,"بسیار عالیه
من راضی هستم",3,true,2020-12-25T01:06:02+00:00,مثبت,0.91,سایر,سایر
بالم نرم و براق کننده لب توت فرنگی,https://www.khanoumi.com/products/comeon-strawberry-lip-balm-28646,به شدت بی کیفیته,2,false,2020-07-01T04:03:59+00:00,منفی,0.67,محصول,محصول
بالم نرم و براق کننده لب توت فرنگی,https://www.khanoumi.com/products/comeon-strawberry-lip-balm-28646,خیلی بی کیفیت هستش ,5,true,2020-05-12T18:49:28+00:00,منفی,0.67,محصول,محصول
بالم نرم و براق کننده لب توت فرنگی,https://www.khanoumi.com/products/comeon-strawberry-lip-balm-28646,"بی کیفیته من  پیشنهاد نمیکنم
🙁",5,false,2020-05-08T04:54:41+00:00,منفی,0.79,محصول,محصول
بالم نرم و براق کننده لب توت فرنگی,https://www.khanoumi.com/products/comeon-strawberry-lip-balm-28646,اصلا کیفیت خوبی نداره . تمام لبم رو در عرض ۳ روز پوسته پوسته کرد و خشک,9,true,2020-04-29T08:52:30+00:00,منفی,0.67,محصول | اصل بودن کالا,اصل بودن کالا
بالم نرم و براق کننده لب توت فرنگی,https://www.khanoumi.com/products/comeon-strawberry-lip-balm-28646,الان به مدت که ۱ ماهه که از این محصول استفاده میکنم، اوایل خیلی سفت بود و به سختی میشد ازش استفاده کرد، اما به مرور زمان بهتر شد. محصول خوبی هستش اما عالی نیست. ,3,true,2020-04-27T22:06:34+00:00,خنثی,0.35,محصول,محصول
بالم نرم و براق کننده لب توت فرنگی,https://www.khanoumi.com/products/comeon-strawberry-lip-balm-28646,خیلی بد و بی کیفیته,5,false,2020-04-26T13:21:35+00:00,منفی,0.79,محصول,محصول
بالم نرم و براق کننده لب آلبالو,https://www.khanoumi.com/products/comeon-sour-cherry-lip-balm-28647,این چندمین باریه که از بالم لب کامان استفاده می کنم و هربار راضی بودم. قبلا آلوئه ورا و عسل رو خریداری کرده بودم. الان هم از این محصول استفاده می کنم. هیچ وقت خریدش منو پشیمون نمی کنه.,0,false,2024-11-04T07:52:17.6470086+00:00,مثبت,0.79,محصول,محصول
بالم نرم و براق کننده لب آلبالو,https://www.khanoumi.com/products/comeon-sour-cherry-lip-balm-28647,خیلی معمولی بود و تاثیر خاصی ندارد، در حد بالم هیدرودرم است که با نصف قیمت میشه تهیه کرد، در کل قبلا کیفیت بهتری داشت... ,0,true,2024-08-09T00:51:16+00:00,خنثی,0.35,محصول | قیمت,محصول
بالم نرم و براق کننده لب آلبالو,https://www.khanoumi.com/products/comeon-sour-cherry-lip-balm-28647,خوبه لبارو نرم و صورتی میکنه راضیم,0,false,2024-05-26T09:59:39+00:00,مثبت,0.95,سایر,سایر
بالم نرم و براق کننده لب آلبالو,https://www.khanoumi.com/products/comeon-sour-cherry-lip-balm-28647,"مدلی که برای من ارسال شده کاملا بی رنگ هست . بوی خاصی هم نداره . چربیش خیلی کمه و نیازه که چندیییین بار روی لب کشیده بشه تا اثر بزاره . البته که من لب خیلی خشکی ندارم و دنبال یه بالم لب سنگین هم نبودم.
برای یه لب معمولی بدون خشکی ، میتونه مناسب باشه و عملکردی معمولی داشته باشه ولی برای لب خشک عملا هیچ کارایی نداره . 
نمیگم خیلی ناراضی بودم ولی ترجیح میدم برای خریدهای بعدیم سراغ برند دیگه ای برم . ",0,true,2024-04-14T15:51:51+00:00,مثبت,0.67,محصول | تحویل و ارسال,محصول
بالم نرم و براق کننده لب آلبالو,https://www.khanoumi.com/products/comeon-sour-cherry-lip-balm-28647,سری جدید این بالم لب بی رنگه با این البالویی شو سفارش داده بودم ولی خب سفید و بی رنگه چربی خیلی زیادی داره که باعث سنگینی روی لب میشه و بافتش اصلا خوب نیس اصلا راضی نبودم چون حتی اون چربی سنگینی که روی لب ایجاد میکنه باعث نرم شدن لب نمیشه,0,true,2024-04-03T10:39:44+00:00,خنثی,0.35,محصول | اصل بودن کالا,محصول
بالم نرم و براق کننده لب آلبالو,https://www.khanoumi.com/products/comeon-sour-cherry-lip-balm-28647,تخفیف بیشتری بزارید,0,false,2024-02-25T02:45:18+00:00,خنثی,0.35,قیمت,قیمت
بالم نرم و براق کننده لب آلبالو,https://www.khanoumi.com/products/comeon-sour-cherry-lip-balm-28647,این محصول رو حتما امتحان کنین. مخصوصا اگه دانشجویید یا سرکار میرید و نمیخواید زیاد ارایش کنین. این محصول خیلی بافت لبتون رو نرم میکنه و رنگ قشنگی هم داره,0,false,2024-01-19T23:07:29+00:00,خنثی,0.35,محصول,محصول
بالم نرم و براق کننده لب آلبالو,https://www.khanoumi.com/products/comeon-sour-cherry-lip-balm-28647,این محصول رو دفعه اول خیلی اتفاقی خریدم. از اون روز تا الان همیشه توی کیفم دارمش و توی طول روز ازش استفاده میکنم. واقعا کیفیتش خوبه و بوش رو هم دوست دارم,0,false,2024-01-19T23:07:06+00:00,مثبت,0.79,محصول,محصول
بالم نرم و براق کننده لب آلبالو,https://www.khanoumi.com/products/comeon-sour-cherry-lip-balm-28647,"من دانشجو که بودم لب لو میزدم و راضی بودم. ولی الان اصلا پیدا نمیشه. تازه اگه پیدا بشه هم خیلی گرونه. این محصول همون کیفیت رو داره و واقعا برای پوست خشک من مثل معجره میمونه. خیلی دوسش دارم خصوصا بوش رو

",0,false,2024-01-19T20:57:11+00:00,خنثی,0.35,محصول | قیمت | اصل بودن کالا,محصول
بالم نرم و براق کننده لب آلبالو,https://www.khanoumi.com/products/comeon-sour-cherry-lip-balm-28647,"یه رنگ خیلی کمی داره و لب ها رو خیلی نرم میکنه. روی لب اصلا هم سنگینی نمیکنه. عاشق بوشم. به نظرم یکی از واجبات خانوم ها همین بالم لبه

",0,false,2024-01-18T17:33:08+00:00,مثبت,0.67,محصول | اصل بودن کالا,محصول
بالم نرم و براق کننده لب آلبالو,https://www.khanoumi.com/products/comeon-sour-cherry-lip-balm-28647,یه جایگزین عالی و با کیفیت برای لب لو که خیلی گرون شده مخصوصا برای دانشجوها که نمیتونن رژ پر رنگ بزنن,0,false,2024-01-18T10:57:17+00:00,مثبت,0.67,محصول | قیمت,محصول
بالم نرم و براق کننده لب آلبالو,https://www.khanoumi.com/products/comeon-sour-cherry-lip-balm-28647,این محصول لب های شما رو نرم و لطیف می کنه و خشکی لب شما رو به طور کامل رفع می کنه. بوی نسبتا خوبی هم داره.,1,false,2022-03-13T16:48:22+00:00,مثبت,0.67,محصول,محصول
بالم نرم و براق کننده لب آلبالو,https://www.khanoumi.com/products/comeon-sour-cherry-lip-balm-28647,هرچی بدیه توی این بالم لب جمع شده. به شددددت خشک و چسبناکه که سریع میشکنه / بسته بندی بی نهایت پلاستیکی طور و بی کیفیت که انگار اسباب بازیه / هیییچ رنگ و بویی نداره و فقط میماسه رو لب / و در آخر هیچ تاثیری نداره و,7,false,2020-11-01T13:01:04+00:00,منفی,0.79,محصول | تحویل و ارسال,محصول
بالم نرم و براق کننده لب آلبالو,https://www.khanoumi.com/products/comeon-sour-cherry-lip-balm-28647,خیلی بی کیفیت بود...هم بسته بندیش هم خودش...فوق العاده هم بدمزه است و بوی بدی هم میده..اصلاا پیشنهاد نمیکنم...بی کیفیت ترین بالم لبی بود که تا حالا داشتم...,8,true,2020-10-26T12:18:00+00:00,ترکیبی,0.74,محصول | تحویل و ارسال | اصل بودن کالا,محصول
بالم نرم و براق کننده لب آلبالو,https://www.khanoumi.com/products/comeon-sour-cherry-lip-balm-28647,فقط وقتی روی لبه لب خشک نیست.وقتی پاک میشه میبینی که تاثیری روی خشکی لب نداشته‌.خیلیم سنگینه رو لب,5,false,2020-10-19T01:37:49+00:00,خنثی,0.35,سایر,سایر
بالم نرم و براق کننده لب آلبالو,https://www.khanoumi.com/products/comeon-sour-cherry-lip-balm-28647,"هم بوی خوبی داره
هم به لب رنگ میده
هم ماندگاریش خوبه
در کل عالیه😍😍😍 از بین تمام بالم لب هایی که گرفتم این بهترین بوده! توی رده ی خودش هم از بین عسل و آلورا و توت فرنگی ، البالو بهترینشونه!!",1,true,2020-10-11T16:32:22+00:00,مثبت,0.95,محصول,محصول
بالم نرم و براق کننده لب آلبالو,https://www.khanoumi.com/products/comeon-sour-cherry-lip-balm-28647,من دومین باردارم میخرم راضیم,1,true,2020-09-24T06:10:05+00:00,مثبت,0.79,سایر,سایر
بالم نرم و براق کننده لب آلبالو,https://www.khanoumi.com/products/comeon-sour-cherry-lip-balm-28647,"نه رنگ داره نه بوی خوبی داره

خیلی هم سفته وقتی میزنی به لب باید محکم بکشی ",2,false,2020-08-07T17:33:25+00:00,مثبت,0.67,محصول,محصول
بالم نرم و براق کننده لب آلبالو,https://www.khanoumi.com/products/comeon-sour-cherry-lip-balm-28647,من فکر کردم بوی آلبالو میده اصلا نه بو داره نه براقه فقط یکم لب رو نرم میکنه . ,5,true,2020-05-11T14:00:13+00:00,مثبت,0.67,محصول | اصل بودن کالا,محصول
بالم نرم و براق کننده لب آلبالو,https://www.khanoumi.com/products/comeon-sour-cherry-lip-balm-28647,کیفیتش درحد قیمتش نیس.سفت هس و رنگ خاصی هم نداره.,8,true,2020-05-09T01:26:29+00:00,خنثی,0.35,محصول | قیمت,محصول
بالم نرم و براق کننده لب آلبالو,https://www.khanoumi.com/products/comeon-sour-cherry-lip-balm-28647,"به نسبت قیمتش زیادی گرونه پیچشم کلا مشکل داشت 
ازش انتظار بیشتری میرفت ماندگاریشم در حد یکی دوساعت",11,true,2020-04-12T01:01:33+00:00,خنثی,0.35,قیمت | محصول,قیمت
بالم نرم و براق کننده لب آلبالو,https://www.khanoumi.com/products/comeon-sour-cherry-lip-balm-28647,اصلا خوب نیست.نه چربه نه براقه-مثلا بالم لبه. انقدر سفته که موقع کشیدن لبتو اذیت میکنه,1,true,2020-04-02T09:45:23+00:00,منفی,0.79,محصول | اصل بودن کالا,اصل بودن کالا
بالم نرم و براق کننده لب آلبالو,https://www.khanoumi.com/products/comeon-sour-cherry-lip-balm-28647, ، من فكر كردم مثل لبلو هست اما بوش كه بده ، چربيشم كمه ، ,2,false,2020-04-01T09:56:29+00:00,منفی,0.79,محصول,محصول
بالم نرم و براق کننده لب آلبالو,https://www.khanoumi.com/products/comeon-sour-cherry-lip-balm-28647,محصول باکیفیتی نیست. بوی بدی داره، در حد بالم لب چرب نیست، کلا لبلو بگیرید خیلییی بهتره. ,4,true,2020-03-24T10:32:33+00:00,مثبت,0.67,محصول,محصول
بالم نرم و براق کننده لب آلبالو,https://www.khanoumi.com/products/comeon-sour-cherry-lip-balm-28647,من فکر کردم ب لب رنگ هم میده ولی در کل محصول بدی نییت یکم خشکه و خیلی چرب نمیکنه لب رو بوی خوبی داره و سبکه رو لب ,4,true,2020-03-10T16:26:22+00:00,ترکیبی,0.71,محصول,محصول
بالم لب عسل,https://www.khanoumi.com/products/comeon-honey-lip-balm-28648,بی نظیره،شب بزنی صبح مثل لب بچه نرم و صاف میشه,0,true,2026-03-31T21:46:03.8151517+03:30,خنثی,0.35,سایر,سایر
بالم لب عسل,https://www.khanoumi.com/products/comeon-honey-lip-balm-28648,کیفیتش عالیه بوش ‌هم واقعا خوبه و بوی موم عسل میده و لب رو هم ترمیم میکنه و هم نرم میکنه,0,true,2026-02-27T11:38:53.8301724+03:30,مثبت,0.95,محصول,محصول
بالم لب عسل,https://www.khanoumi.com/products/comeon-honey-lip-balm-28648,اصلا راضی نبودم از پکیجینگش تا بوش و کیفیتش افتضاح بود,0,true,2026-01-23T13:35:02.2201998+03:30,منفی,0.91,محصول | اصل بودن کالا,اصل بودن کالا
بالم لب عسل,https://www.khanoumi.com/products/comeon-honey-lip-balm-28648,خیلی خوبه. هم نرمه هم نرم کنندگیش خوبه هم عطرش ملایمه. دوباره دارم سفارش میدم,0,false,2025-11-22T20:33:04.1802762+03:30,مثبت,0.95,محصول,محصول
بالم لب عسل,https://www.khanoumi.com/products/comeon-honey-lip-balm-28648,به توصیه دکترم گرفتم واقعا عالیه,0,true,2025-11-15T22:09:36.2422965+03:30,مثبت,0.91,سایر,سایر
بالم لب عسل,https://www.khanoumi.com/products/comeon-honey-lip-balm-28648,اصلا خوب نبود سریع دفرمه شد,0,true,2025-11-14T02:31:24.382614+03:30,خنثی,0.4,محصول | اصل بودن کالا,محصول
بالم لب عسل,https://www.khanoumi.com/products/comeon-honey-lip-balm-28648,"ببینید وقتی زدم اولش یه جوری بود انگار ک  رو لب م ریز ریز دونه شکر باشه اونجوری ولی بعدش برای بار دوم زدم ن خیلی خوب بود دیروز زدم الان هنوز لب م نرمه و خوبه نمیتونم بگم عالی بود
ولی خیلی بد هم نبود
استفاده مداوم فکز کنم نتیجه خوبی بده",0,true,2025-10-21T13:35:18.5043834+03:30,منفی,0.67,محصول,محصول
بالم لب عسل,https://www.khanoumi.com/products/comeon-honey-lip-balm-28648,خوب نیست,0,true,2025-10-04T15:53:36.0886992+03:30,منفی,0.67,سایر,سایر
بالم لب عسل,https://www.khanoumi.com/products/comeon-honey-lip-balm-28648,من راضی بودم چرب و سنگین نیست و لبو نرم میکنه تا حدودی,0,true,2025-09-16T17:05:11.3750892+03:30,مثبت,0.67,محصول,محصول
بالم لب عسل,https://www.khanoumi.com/products/comeon-honey-lip-balm-28648,من زیاد راضی نبودم. هیدرودرم خیلییی بهتره,0,false,2025-08-17T21:08:17.4635409+00:00,منفی,0.67,محصول,محصول
بالم لب عسل,https://www.khanoumi.com/products/comeon-honey-lip-balm-28648,خوب و سبک بود راضیم لبم رو نرم هم کرد,0,true,2025-07-16T05:48:53.6595801+00:00,مثبت,0.91,محصول,محصول
بالم لب عسل,https://www.khanoumi.com/products/comeon-honey-lip-balm-28648,بالم لب خوبی بود من راضیم. اولین بالم لبی بود که استفاده میکردم و ترک لبمو برطرف کرد.,0,true,2025-06-24T16:39:08.0610763+00:00,مثبت,0.91,محصول,محصول
بالم لب عسل,https://www.khanoumi.com/products/comeon-honey-lip-balm-28648,بارها خریدم و حتما بهتون پیشنهاد میکنم,0,true,2025-06-11T14:18:59.0294785+00:00,مثبت,0.79,سایر,سایر
بالم لب عسل,https://www.khanoumi.com/products/comeon-honey-lip-balm-28648,عالیه,0,false,2025-05-26T20:53:11.0340904+00:00,مثبت,0.79,سایر,سایر
بالم لب عسل,https://www.khanoumi.com/products/comeon-honey-lip-balm-28648,بسیار بسیار هزینه کردم برای ترک و پوست لبم فقط با این بالم بهتر شده عاشقشم,0,true,2025-03-08T07:12:24.7358466+00:00,مثبت,0.67,محصول | قیمت,محصول
بالم لب عسل,https://www.khanoumi.com/products/comeon-honey-lip-balm-28648,فوق العاده عالیه قدرت نرم کنندگیش حرف نداره,0,true,2025-02-24T07:16:09.5267058+00:00,مثبت,0.91,سایر,سایر
بالم لب عسل,https://www.khanoumi.com/products/comeon-honey-lip-balm-28648,خیلی خوبه,0,true,2025-02-19T18:12:07.9453462+00:00,مثبت,0.91,سایر,سایر
بالم لب عسل,https://www.khanoumi.com/products/comeon-honey-lip-balm-28648,بوش رو دوست ندارم اما نرم کنندگیش خوبه و سنگین نیست,0,true,2025-01-07T19:47:01.5411078+00:00,مثبت,0.79,محصول,محصول
بالم لب عسل,https://www.khanoumi.com/products/comeon-honey-lip-balm-28648,در کل راضیم، قدرت نرم کنندگی بالا,0,true,2024-11-18T06:34:26.5873206+00:00,مثبت,0.79,سایر,سایر
بالم لب عسل,https://www.khanoumi.com/products/comeon-honey-lip-balm-28648,"نرم کنندگی خوبی داره
از لحاظ بو هم کاملا بوی آبنبات های عسلی که عکس کندو عسل داره میده",0,true,2024-11-14T10:45:38.7216825+00:00,مثبت,0.67,محصول,محصول
بالم لب عسل,https://www.khanoumi.com/products/comeon-honey-lip-balm-28648,باسلام از محصول فوق دو مرتبه استفاده کردم واقعا راضی بودم حتی نسبت به یک محصول دیگه که گران قیمت تر خریداری کرده بودم کارایی بهتر و بیشتری دارد. نرم و مرطوب میکند و حاوی ویتامین هایی هست و همچنین میکروب زدا نیز میباشد. فقط یدفعه خیلی قیمتش بالا رفته,0,true,2024-06-12T14:40:08+00:00,مثبت,0.67,محصول | قیمت,محصول
بالم لب عسل,https://www.khanoumi.com/products/comeon-honey-lip-balm-28648,من خودم پزشک هستم و این محصول رو به خاطر ترکیبات خوبی که داره بهتون پیشنهاد میکنم ,0,false,2024-01-19T23:09:57+00:00,مثبت,0.91,محصول,محصول
بالم لب عسل,https://www.khanoumi.com/products/comeon-honey-lip-balm-28648,این محصول توش ویتامین ای و آ داره. خیلی محصول خوبیه. نرم میکنه لب رو. توی این الودگی هوا این محصول لب شما رو ابرسانی میکنه و کاری میکنه که رطوبتش رو از دست نده. ,0,false,2024-01-19T23:07:55+00:00,مثبت,0.67,محصول,محصول
بالم لب عسل,https://www.khanoumi.com/products/comeon-honey-lip-balm-28648,این محصول خیلی خوبه. عالیه. خیلی لبم رو نرم میکنه و لبم نرم و لطیف میشه. واقعا تاثیرش خیلی خوبه,0,false,2024-01-18T22:44:14+00:00,مثبت,0.95,محصول,محصول
بالم لب عسل,https://www.khanoumi.com/products/comeon-honey-lip-balm-28648,"توی این هوای سر پوست لبم مدام ترک میخورد و پوسته پوسته میشد. این بالم لب رو یکی از دوستام بهم معرفی کرد و خیلی دوسش دارم. دیگه لبم اذیت نمیشه و خشک نیست.  

",0,false,2024-01-18T17:33:38+00:00,خنثی,0.35,محصول,محصول
بالم لب عسل,https://www.khanoumi.com/products/comeon-honey-lip-balm-28648,"من از لب لو استفاده میکردم ولی اون ور دوست نداشتم یکم سنگین بود و روی لب جمع میشد و خوب نبود ولی این محصول خیلی اثر بخشه. سبکه و زود تاثیرش رو روی لب میبینید.
",0,false,2024-01-18T12:55:31+00:00,خنثی,0.4,محصول,محصول
بالم لب عسل,https://www.khanoumi.com/products/comeon-honey-lip-balm-28648,بوش واقعا خوبه و بوی عسل میده . اصلا سنگین و روغنی نیست و پوست لب رو خیلی لطیف و نرم میکنه,0,false,2024-01-18T10:57:41+00:00,مثبت,0.91,محصول | اصل بودن کالا,محصول
بالم لب عسل,https://www.khanoumi.com/products/comeon-honey-lip-balm-28648,بالم لب برای افرادی مناسبه که دارای خشکی پوست هستن و یا اصطلاحاً لبشون پوست پوست میشه. این بالم لب دارای شی باتر و روغن آرگانه و به خوبی میتونه لب های شما رو نرم کنه. ویتامین A و E هم به ترمیم و تغذیه پوست لب شما کمک میکنه و به دلیل داشتن SPF از آن دربرابر اشعه‌های مضر خورشید محافظت میکنه. شما میتونید از این محصول برای زیرساز رژلب خودتون استفاده کنید.,1,false,2022-03-13T16:50:13+00:00,مثبت,0.67,محصول,محصول
بالم لب عسل,https://www.khanoumi.com/products/comeon-honey-lip-balm-28648,بالم لب کامان حالت روغنی خوبی داره از بین تمام مدل های این مدل توت فرنگی بهترین بود و قطعا بدترینش هم عسل هست به نظرم این‌مدل بیشتر برای پسر ها خوبه که بی رنگ مد نظرشونه,2,true,2021-06-13T18:41:44+00:00,ترکیبی,0.92,محصول,محصول
بالم لب عسل,https://www.khanoumi.com/products/comeon-honey-lip-balm-28648,میتونم فقط بگم ک بوش خوبه همین.واقعا بوی عسل میده ک من این ویژگیش رو دوست داشتم.وگرنه من بالم لب های با قیمت پایین تر هم استفاده کردم و نتیجه بهتری داشتن.,8,false,2020-08-06T21:35:18+00:00,مثبت,0.91,محصول | قیمت,محصول
بالم لب عسل,https://www.khanoumi.com/products/comeon-honey-lip-balm-28648,"یکم شبیه رژلب الکیاس،زودم میشکنه چون سفته و روی لب باید چندبار کشیده بشه
اما تاثیر خوبی داشت روی لب من کمتر لبم خشک میشد و به آخراش که رسیدم نرم تر شد و بهتر میشد استفادش کرد",6,false,2020-07-16T05:26:39+00:00,مثبت,0.79,تحویل و ارسال,تحویل و ارسال
بالم لب عسل,https://www.khanoumi.com/products/comeon-honey-lip-balm-28648,محصول خیلی خوبیه ،نسبت به بقیه بام لبای کامان بهتره چون من از همش استفاده کردم.,2,true,2020-06-24T10:42:01+00:00,مثبت,0.79,محصول,محصول
بالم لب عسل,https://www.khanoumi.com/products/comeon-honey-lip-balm-28648,"خشک بود و یه جورایی چسبناک!
باعث میشه اگه لبتون زخم باشه زخمش باز بشه
بی تاثیر نبود ولی من راضی نبودم
پیشنهاد میشه نخرید !",4,true,2020-05-13T16:59:06+00:00,منفی,0.79,محصول,محصول
بالم لب عسل,https://www.khanoumi.com/products/comeon-honey-lip-balm-28648,اصلا راضی نبودم خیلی خشک بود و هیچ تاثیری رو خشکی لبم نداشت,1,false,2020-05-07T10:42:07+00:00,منفی,0.79,محصول | اصل بودن کالا,اصل بودن کالا
بالم لب عسل,https://www.khanoumi.com/products/comeon-honey-lip-balm-28648,عالیه ,2,false,2020-05-07T06:57:10+00:00,مثبت,0.79,سایر,سایر
بالم لب عسل,https://www.khanoumi.com/products/comeon-honey-lip-balm-28648,خیلی خوبه😍 من که دوسش دارم!! اصلا روی لب نمیماسه... اگه طرفدار بالم تقریبا خشک هستین کامان پیشنهاد خیلی خوبیه!! یکم بافت خشکی داره که باعث میشه اصلا حس چربی روی لب نداشته باشین... من لب هام داغون بود ولی چند روزه که از این بالم استفاده میکنم خیلی بهتر شدم!! ,1,true,2020-05-04T18:45:34+00:00,ترکیبی,0.92,محصول | اصل بودن کالا,محصول
بالم لب عسل,https://www.khanoumi.com/products/comeon-honey-lip-balm-28648,من از کیفیتش راضی نبودم، خیلی خشک بود و سریع هم شکست,0,true,2020-05-04T12:31:11+00:00,منفی,0.67,محصول,محصول
بالم لب عسل,https://www.khanoumi.com/products/comeon-honey-lip-balm-28648,این بالم لب کامان خیلی خوبه من خیلی راضی ام 😍,2,false,2020-04-19T15:56:51+00:00,مثبت,0.95,سایر,سایر
بالم لب عسل,https://www.khanoumi.com/products/comeon-honey-lip-balm-28648,این بالم لب خیلی عالیه من واقعاازش راضیم,4,false,2020-04-11T16:09:47+00:00,مثبت,0.95,سایر,سایر
محلول میسلار واتر 100 میل,https://www.khanoumi.com/products/nuxe-micellar-cleansing-water-100ml-28653,من پوستم مختلط هست و راضیم ازش ولی زیاد به چشمام نمیزنم چون میسوزه کمی هم پوست رو همون لحظه خشک میکنه,1,true,2020-04-21T23:05:10+00:00,مثبت,0.79,محصول,محصول
کرم دست و ناخن 15 میل,https://www.khanoumi.com/products/caudalie-hand-and-nail-cream-15ml-28655,عااالیه بر پوست دست😍,0,false,2020-05-26T18:21:57+00:00,خنثی,0.35,محصول,محصول
شامپو اولترا سافت اکوفن 100 میل,https://www.khanoumi.com/products/biorga-ecophane-soft-ultra-shampoo-100ml-28656,🥰🥰🥰🥰🥰😍😍😍😍😍👍👍👍👍👌👌👌👌👌👌👌👌👌👌😘😘😘😘😘😘😘😘😘بدون شرح,3,true,2020-04-14T03:22:19+00:00,منفی,0.67,سایر,سایر
محلول میسلار واتر مدل Gentle Purifier حجم 200 میلی لیتر,https://www.khanoumi.com/products/neuderm-purifier-micellar-water-200ml-28657,به شدت چشم رو میسوزونه اصلا پیشنهاد نمیکنم!,0,true,2026-04-25T01:31:37.929828+03:30,خنثی,0.35,اصل بودن کالا,اصل بودن کالا
محلول میسلار واتر مدل Gentle Purifier حجم 200 میلی لیتر,https://www.khanoumi.com/products/neuderm-purifier-micellar-water-200ml-28657,خوب بود ولی خیلی بعد از استفاده پوست رو چسبناک میکنه وگرنه عمقی تمیز میکنه و خوبه در کل,0,true,2025-12-11T08:42:56.7850945+03:30,مثبت,0.95,محصول,محصول
محلول میسلار واتر مدل Gentle Purifier حجم 200 میلی لیتر,https://www.khanoumi.com/products/neuderm-purifier-micellar-water-200ml-28657,با اینکه پوست حساسی ندارم اما بعد از استفاده پوستمو ملتهب و قرمز میکنه و دچار سوزش میشم,0,false,2025-09-09T07:21:35.3824868+03:30,خنثی,0.35,محصول,محصول
محلول میسلار واتر مدل Gentle Purifier حجم 200 میلی لیتر,https://www.khanoumi.com/products/neuderm-purifier-micellar-water-200ml-28657,همیشه از این برند میخرم چون قدرت پاک کنندگیش حتی برای چشم هم بالاست و برای پوست مختلط من مناسبه اما بسته بندی جدید یه مقدار ریزش مایع از اطرافش زیاده. اگر پوست حساس یا خشکی دارید قطعا بعدش مرطوب کننده استفاده کنید,0,true,2025-05-12T21:02:00.1114998+00:00,خنثی,0.35,تحویل و ارسال | محصول,تحویل و ارسال
محلول میسلار واتر مدل Gentle Purifier حجم 200 میلی لیتر,https://www.khanoumi.com/products/neuderm-purifier-micellar-water-200ml-28657,خوب بود کشیدگی در صورت ایجاد نکرد و در کل یک بار استفاده کردم خیلی صورتم آلوده نبود که قدرتت تمیز کنندگیشم چک کنم,0,true,2024-12-31T16:52:08.3385427+00:00,مثبت,0.79,محصول,محصول
محلول میسلار واتر مدل Gentle Purifier حجم 200 میلی لیتر,https://www.khanoumi.com/products/neuderm-purifier-micellar-water-200ml-28657,انقد قوی و خوبه وقتی میزنی پدو سیاه میکنه انقد ک عمقی تمیز میکنه,0,true,2024-11-06T08:53:38.9790014+00:00,مثبت,0.79,سایر,سایر
محلول میسلار واتر مدل Gentle Purifier حجم 200 میلی لیتر,https://www.khanoumi.com/products/neuderm-purifier-micellar-water-200ml-28657,"حجم خوبی داره ، پاک کنندگیش عالیه اما چشمو میسوزونه.
در کل نسبت به قیمتش ارزش خرید داره.",0,true,2024-08-15T00:00:03+00:00,مثبت,0.95,محصول | قیمت,محصول
محلول میسلار واتر مدل Gentle Purifier حجم 200 میلی لیتر,https://www.khanoumi.com/products/neuderm-purifier-micellar-water-200ml-28657,برای پوست مختلط من عالی بود. یه کم بعدش صورتتون خشک میشه که ابرسان بزنید. اما پاک کنندگی عالی و ارایش چشم رو هم به خوبی پاک میکنه,0,true,2024-05-30T14:46:35+00:00,مثبت,0.95,محصول,محصول
محلول میسلار واتر مدل Gentle Purifier حجم 200 میلی لیتر,https://www.khanoumi.com/products/neuderm-purifier-micellar-water-200ml-28657,پاک کنندگیش عالیه واقعا دوسش داشتم,0,false,2024-05-11T20:17:16+00:00,مثبت,0.79,سایر,سایر
محلول میسلار واتر مدل Gentle Purifier حجم 200 میلی لیتر,https://www.khanoumi.com/products/neuderm-purifier-micellar-water-200ml-28657,من راضی بودم. هر آنچه که از یک میلار واتر نرمال انتظار میره رو داشت. پاک کنندگیش قابل قبوله و بوی مطبوعی داره. حجمش مناسبه و درب ظرفش هم خوبه. اما نمیشه بعد از مصطرف دیگه صورت رو نشست. نه تنها این محصول بلکه سایر مسلار واترها هم علارغم اینکه نوشتن نیاز به شستشوی بعدش نداره اما باید بعدش صورت رو بشورین. برای تمیز کردن ارایش باید پوست رو در دو مرحله تمیز کرد که یک مرحله میسلار واتر و مرحله بعد شستن با شوینده مناسب پوستتونه. بطور کلی پیشنهادش میکنم.,0,true,2024-03-04T20:15:00+00:00,خنثی,0.35,محصول,محصول
محلول میسلار واتر مدل Gentle Purifier حجم 200 میلی لیتر,https://www.khanoumi.com/products/neuderm-purifier-micellar-water-200ml-28657,خوب نیست چشم روبشدت میسوزونه وچرب هست ,0,true,2024-01-31T08:20:43+00:00,منفی,0.67,سایر,سایر
محلول میسلار واتر مدل Gentle Purifier حجم 200 میلی لیتر,https://www.khanoumi.com/products/neuderm-purifier-micellar-water-200ml-28657,بوی خوبی داره ، به نسبت قیمتش خوبه. ,0,true,2023-12-18T22:35:14+00:00,مثبت,0.91,محصول | قیمت,محصول
محلول میسلار واتر مدل Gentle Purifier حجم 200 میلی لیتر,https://www.khanoumi.com/products/neuderm-purifier-micellar-water-200ml-28657,واااااااقعا پاک کنندگیش عالیه,0,true,2023-11-24T22:36:15+00:00,مثبت,0.79,سایر,سایر
محلول میسلار واتر مدل Gentle Purifier حجم 200 میلی لیتر,https://www.khanoumi.com/products/neuderm-purifier-micellar-water-200ml-28657,اصلا دوسش نداشتم خیلی چرب بود و قدرت پاک کنندگی خوبی نداشت و باید کلی مصرف میکردی تو هر وعده تا ارایشت پاک شه تو این رنج قیمت خیلی میسلار های بهتری هست,3,true,2023-09-09T17:36:59+00:00,منفی,0.79,محصول | اصل بودن کالا | قیمت,اصل بودن کالا
محلول میسلار واتر مدل Gentle Purifier حجم 200 میلی لیتر,https://www.khanoumi.com/products/neuderm-purifier-micellar-water-200ml-28657,قدرت پاک کنندگیش خوبه دوستش دارم,3,false,2023-06-20T15:14:09+00:00,مثبت,0.79,سایر,سایر
محلول میسلار واتر مدل Gentle Purifier حجم 200 میلی لیتر,https://www.khanoumi.com/products/neuderm-purifier-micellar-water-200ml-28657,"قدرت پاکنندگیش خوبه راضیم
بوی گل رز میده بعد از استفاده پوست نیاز ب شستوشو داره 
اگر بدون آبکشی میخواید هیدرودرم بخرید
بسته بندی عالی ب دستم رسید",3,false,2023-01-03T14:01:01+00:00,مثبت,0.95,تحویل و ارسال | محصول,تحویل و ارسال
محلول میسلار واتر مدل Gentle Purifier حجم 200 میلی لیتر,https://www.khanoumi.com/products/neuderm-purifier-micellar-water-200ml-28657,من این محصولو از خانومی خریدمو چند وقته دارم استفاده میکنم.پوستم خوشکه و ن جوش زدم ن حساسیت ایجاد کرده واسه من.ارایش چشم و لب هم ب راحتی پاک میکنه.اگه تو چشم بره امکان داره مقداری بسوزونه.,8,false,2022-11-28T17:04:24+00:00,خنثی,0.35,محصول,محصول
محلول میسلار واتر مدل Gentle Purifier حجم 200 میلی لیتر,https://www.khanoumi.com/products/neuderm-purifier-micellar-water-200ml-28657,"من این محصول رو قبلا از جای دیگه خریداری کردم و الان که اینجا دیدمش خواستم نظرم رو بگم.
این محصول الکل زیادی داره و بلافاصله بعد از استفاده پوست رو میسوزونه،خشک میکنه و قرمز میشه.بوی نامطبوعی هم داره.پاک کنندگیش هم خیلی معمولی هست،اصلاااااا خرید این محصول رو پیشنهاد نمیکنم.",24,false,2022-11-26T16:12:45+00:00,مثبت,0.67,محصول | اصل بودن کالا,محصول
محلول میسلار واتر مدل Gentle Purifier حجم 200 میلی لیتر,https://www.khanoumi.com/products/neuderm-purifier-micellar-water-200ml-28657,"قدرت پاک کنندگیش عالیه و حتی آرایش چشم هارو کامل پاک میکنه.
در کل با توجه به کیفیت و قیمت و قدرت پاک کنندگیش راضیم",3,true,2022-10-17T22:56:57+00:00,مثبت,0.95,محصول | قیمت,محصول
محلول میسلار واتر مدل Gentle Purifier حجم 200 میلی لیتر,https://www.khanoumi.com/products/neuderm-purifier-micellar-water-200ml-28657,سلام من خیلی وقته ازین محصول استفاده میکنم یه مقدارشو روی پد بریزید و کل صورتو پاک کنید بدون فشار و کشیدن به راحتی پوستو پاک میکنه من همیشه بعدش صورتموباشوینده میشورم و بعد تونر میزنم، بنظرم عالیه با قیمت مناسب محصولات نئودرم خیلی خوبن,1,true,2022-08-01T16:14:26+00:00,مثبت,0.91,محصول | قیمت,محصول
محلول میسلار واتر مدل Gentle Purifier حجم 200 میلی لیتر,https://www.khanoumi.com/products/neuderm-purifier-micellar-water-200ml-28657,پوست من مختلط هست بعد از استفاده پوستم رو خشک و کشیده میکنه حتما باید مرطوب بزنم زیاد راضی نبودم,2,false,2022-07-12T12:45:52+00:00,منفی,0.67,محصول,محصول
محلول میسلار واتر مدل Gentle Purifier حجم 200 میلی لیتر,https://www.khanoumi.com/products/neuderm-purifier-micellar-water-200ml-28657,چشم و پوست رو بد جوری میسوزونه اصلا ارزش خرید نداره,4,false,2022-04-24T14:22:41+00:00,منفی,0.67,محصول | اصل بودن کالا | قیمت,اصل بودن کالا
محلول میسلار واتر مدل Gentle Purifier حجم 200 میلی لیتر,https://www.khanoumi.com/products/neuderm-purifier-micellar-water-200ml-28657,میسلار واتر نئودرم یک محصول رده متوسط با قیمت بسیار مناسبه که خاصیت پاک کنندگی متوسطی دارد. اگر قصد تمیز شدن پوست به صورت کامل را دارد باید چندین بار از این محلول استفاده کنید تا آرایش و تمام آلودگی‌های پوستی کاملا پاک شود. استفاده روزانه از این محلول آسیبی به پوست وارد نمی‌کند. با استفاده از این محصول پوست شادابی دو چندانی پیدا می‌کند و نرم و مرطوب می‌شود. ,7,false,2022-04-03T15:58:19+00:00,خنثی,0.35,محصول | قیمت,محصول
محلول میسلار واتر مدل Gentle Purifier حجم 200 میلی لیتر,https://www.khanoumi.com/products/neuderm-purifier-micellar-water-200ml-28657,تمیز کنندگی مناسبی داره ولی اگه به چشم برسه حسابی میسوزه و به نظرم اصلا برای چشم مناسب نیست,7,false,2022-04-02T11:53:01+00:00,مثبت,0.67,اصل بودن کالا,اصل بودن کالا
محلول میسلار واتر مدل Gentle Purifier حجم 200 میلی لیتر,https://www.khanoumi.com/products/neuderm-purifier-micellar-water-200ml-28657,هم چشم رو میسوزونه هم جوش زدم باهاش-,4,false,2022-03-14T15:49:57+00:00,خنثی,0.35,سایر,سایر
محلول میسلار واتر مدل Gentle Purifier حجم 200 میلی لیتر,https://www.khanoumi.com/products/neuderm-purifier-micellar-water-200ml-28657,"من خریدم خیلی به راحتی تمام سطح صورت و چشمهارو پاک کرد، اگه داخل چشم بره میسوزونه. 
من پوست پسر 1/۵سالمم پاک کردم مشکلی نداشت عالیه. ",2,true,2022-02-06T08:43:49+00:00,منفی,0.79,محصول,محصول
محلول میسلار واتر مدل Gentle Purifier حجم 200 میلی لیتر,https://www.khanoumi.com/products/neuderm-purifier-micellar-water-200ml-28657,"بر خلاف نظرات منفي كه ثبت شده
من خريد كردم و عالي بود
چشم رو نميسوزونه
پوست رو نميسوزونه و خشك نميكنه
بشدت عالي ارايش چشم رو پاك ميكنه
و بافت ميسلار خيلي سبك هست
",3,true,2022-01-20T22:24:11+00:00,منفی,0.67,محصول,محصول
محلول میسلار واتر مدل Gentle Purifier حجم 200 میلی لیتر,https://www.khanoumi.com/products/neuderm-purifier-micellar-water-200ml-28657,پاک کنندگی خوبی داره ولی باعث خشکی دور چشم میشه,3,true,2021-12-25T12:03:12+00:00,مثبت,0.67,سایر,سایر
محلول میسلار واتر مدل Gentle Purifier حجم 200 میلی لیتر,https://www.khanoumi.com/products/neuderm-purifier-micellar-water-200ml-28657,"خوب پاک میکنه به راحتی.
اما چشم رو میسوزونه.
",2,true,2021-12-20T12:03:53+00:00,مثبت,0.67,سایر,سایر
محلول میسلار واتر مدل Gentle Purifier حجم 200 میلی لیتر,https://www.khanoumi.com/products/neuderm-purifier-micellar-water-200ml-28657,ب شدت چشمو میسوزونه با این قیمت محصولات خیلی عالی تری هم هس مث دافی,0,true,2021-11-14T15:28:48+00:00,مثبت,0.67,محصول | قیمت,محصول
محلول میسلار واتر مدل Gentle Purifier حجم 200 میلی لیتر,https://www.khanoumi.com/products/neuderm-purifier-micellar-water-200ml-28657,خیلی بد بود، شدیدا پوست  صورتم رو می سوزوندو و کمتر از یه دقیقه باید صورت رو بشوری ، وگرنه قرمز و ملتهب می شه,0,true,2021-10-01T16:11:17+00:00,منفی,0.79,محصول,محصول
محلول میسلار واتر مدل Gentle Purifier حجم 200 میلی لیتر,https://www.khanoumi.com/products/neuderm-purifier-micellar-water-200ml-28657,"
به قدری چشم رو میسوزونه که اصلا نمیتونی پاک کردن صورت رو کامل کنی
هربار که استفادش میکنم همینطور اشک از چشمم میاد اصلا پیشنهاد نمیشه",2,false,2021-09-23T03:05:06+00:00,منفی,0.67,اصل بودن کالا,اصل بودن کالا
محلول میسلار واتر مدل Gentle Purifier حجم 200 میلی لیتر,https://www.khanoumi.com/products/neuderm-purifier-micellar-water-200ml-28657,"من وقتی استفاده‌ میکنمش واقعا چشمم میسوزه
ولی خب خوب پاک میکنه 
بوشم بد نیست",4,false,2021-08-01T11:54:46+00:00,مثبت,0.79,محصول,محصول
محلول میسلار واتر مدل Gentle Purifier حجم 200 میلی لیتر,https://www.khanoumi.com/products/neuderm-purifier-micellar-water-200ml-28657,خیلی محصول بدیه با این که اکثر محصولات برند نئودرمو دارم انتظار این محصول بی کیفیتو ازشون نداشتم اول اینکه عطرش زیاده و وقتی پوستو باهاش پاک میکنی پوستو میسوزونه و عطرش اذیت میکنه مورد بعدی سریع باید شسته بشه چون کافیه چند دقیقه رو پوست بمونه پوستو ملتهب وقرمز میکنه در کل ناراضیم ازش ,45,true,2021-06-04T18:24:25+00:00,ترکیبی,0.9,محصول,محصول
دستمال مرطوب پاک کننده دست آنتی باکتریال جیبی حاوی روغن زیتون,https://www.khanoumi.com/products/uni-led-anti-bacterial-hand-cleansing-wet-wipes-12pcs-28659,دستمال مرطوب‌ خوبیه👌🏽,2,false,2021-06-09T12:59:03+00:00,مثبت,0.67,سایر,سایر
دستمال مرطوب پاک کننده چند منظوره سطوح,https://www.khanoumi.com/products/dafi-total-clean-for-all-surfaces-and-all-area-wipes-28662,سلام، لطفاً شارژ کنید,0,false,2025-02-05T04:23:22.7775408+00:00,خنثی,0.35,سایر,سایر
دستمال مرطوب پاک کننده چند منظوره سطوح,https://www.khanoumi.com/products/dafi-total-clean-for-all-surfaces-and-all-area-wipes-28662,من دستمال مرطوب پاک کننده چند منظوره سطوح دافی رو از پیشنهادهای ویژه فروشگاه اینترنتی خانومی با یه تخفیف خوب خریدم. به نظرم وجود چنین محصولی تو هر خونه‌ای لازم و ضروریه چون خیلی به کار میاد. من به راحتی از اون برای تمیز کردن همه سطوح خونه استفاده کردم و از نتیجش هم راضی بودم. از اونجاییکه من بچه کوچیک دارم دستمال مرطوب پاک کننده سطوح دافی برای از بین بردن باکتری‌ها و میکروب‌های روی سطوح به من خیلی کمک میکنه و اینطوری مجبور نیستم تند تند از اسپری‌های شیمیایی استفاده کنم. در ضمن این محصول رو به محیط کارم هم بردم و برای تمیز کردن وسایل میزم هم خیلی خوب بوده. در نهایت خرید این دستمال رو به همه پیشنهاد میکنم.,0,false,2022-05-07T17:31:17+00:00,مثبت,0.95,محصول | قیمت,محصول
دستمال مرطوب پاک کننده چند منظوره سطوح,https://www.khanoumi.com/products/dafi-total-clean-for-all-surfaces-and-all-area-wipes-28662,این محصوللل عااالیهههه,2,true,2020-07-08T13:02:07+00:00,خنثی,0.35,محصول,محصول
دستمال مرطوب پاک کننده چند منظوره سطوح,https://www.khanoumi.com/products/dafi-total-clean-for-all-surfaces-and-all-area-wipes-28662,در یک کلام عالی و با کیفیت,0,true,2020-05-20T14:23:48+00:00,مثبت,0.67,محصول,محصول
دستمال مرطوب پاک کننده چند منظوره سطوح,https://www.khanoumi.com/products/dafi-total-clean-for-all-surfaces-and-all-area-wipes-28662,حرف نداره,3,true,2020-04-28T02:18:27+00:00,خنثی,0.35,سایر,سایر
دستمال مرطوب پاک کننده چند منظوره سطوح,https://www.khanoumi.com/products/dafi-total-clean-for-all-surfaces-and-all-area-wipes-28662,خیلی عالیه و خیلی خوب الودگی ها رو از سطوح پاک میکنه,10,true,2020-04-07T21:53:08+00:00,مثبت,0.95,سایر,سایر
ژل ضدعفونی کننده دست 500 میل,https://www.khanoumi.com/products/schon-instant-hand-sanitizer-500ml-28663,در طول مدت کرونا محصولات متعددی استفاده کردم ولی این ژل بهترین بوده،هم قیمتش،هم حجمش هم بوش عالیه و مهمتر از همه اصلا برخلاف دیگر محصولات پوست دست رو خشک نمیکنه.,0,false,2022-07-26T03:37:56+00:00,مثبت,0.95,محصول | اصل بودن کالا | قیمت,محصول
ژل ضدعفونی کننده دست 500 میل,https://www.khanoumi.com/products/schon-instant-hand-sanitizer-500ml-28663,از زمان شیوع کرونا تا به حال بالای ۱۰قوطی استفاده کردم و حجم و غلظت و کیفیت خوبی داره .,0,true,2022-05-31T21:40:31+00:00,مثبت,0.79,محصول,محصول
ژل ضدعفونی کننده دست 500 میل,https://www.khanoumi.com/products/schon-instant-hand-sanitizer-500ml-28663,حجم محصول خوبه و استفاده ازش هم راحته بخاطر پمپی بودنش.,2,false,2021-12-28T08:44:42+00:00,مثبت,0.79,محصول,محصول
ژل ضدعفونی کننده دست 500 میل,https://www.khanoumi.com/products/schon-instant-hand-sanitizer-500ml-28663,خیلی بد بوعه اصلا نمیتونم استفاده کنم ازش,0,false,2021-08-20T01:25:26+00:00,منفی,0.79,محصول | اصل بودن کالا,اصل بودن کالا
ژل ضدعفونی کننده دست 500 میل,https://www.khanoumi.com/products/schon-instant-hand-sanitizer-500ml-28663,بسیار ژل خوبیه,2,false,2021-07-20T14:42:02+00:00,مثبت,0.67,سایر,سایر
ژل ضدعفونی کننده دست 500 میل,https://www.khanoumi.com/products/schon-instant-hand-sanitizer-500ml-28663,عالیه هم بوش خوبه هم حجمش زیاده و هم اینکه دستارو خشک نمیکنه من خیلی خوشم میاد ,6,true,2020-12-12T23:40:31+00:00,مثبت,0.95,محصول,محصول
ژل ضدعفونی کننده دست 500 میل,https://www.khanoumi.com/products/schon-instant-hand-sanitizer-500ml-28663,"محصول خوبیه ولی  بوی بسیااار تند و زننده ای داره
ولی از نظر کیفیت و حجم خوبه",5,false,2020-11-03T22:06:22+00:00,مثبت,0.91,محصول,محصول
ژل ضدعفونی کننده دست 500 میل,https://www.khanoumi.com/products/schon-instant-hand-sanitizer-500ml-28663,محصول خیلی خوبیه .,7,true,2020-08-15T14:25:15+00:00,مثبت,0.79,محصول,محصول
ژل ضدعفونی کننده دست 500 میل,https://www.khanoumi.com/products/schon-instant-hand-sanitizer-500ml-28663,"عالیه دوسش دارم 
",2,false,2020-08-13T16:06:12+00:00,مثبت,0.79,سایر,سایر
ژل ضدعفونی کننده دست 500 میل,https://www.khanoumi.com/products/schon-instant-hand-sanitizer-500ml-28663,بوی خوبی داره و دستم رو از دست خشکی و پوسته پوسته شدن نجات داد. حجمش هم خیلی مناسبه و زود تموم نمیشه.,8,false,2020-07-21T10:18:37+00:00,مثبت,0.67,محصول,محصول
ژل ضدعفونی کننده دست 500 میل,https://www.khanoumi.com/products/schon-instant-hand-sanitizer-500ml-28663,"واقعاً محصول خیلی خوبیه
طرح خوبیه داره
",6,true,2020-05-22T19:19:35+00:00,مثبت,0.91,محصول,محصول
ژل ضدعفونی کننده دست 500 میل,https://www.khanoumi.com/products/schon-instant-hand-sanitizer-500ml-28663,محصول خوبیه.برای محل کار استفاده آسان و بسته بندی مناسب,8,true,2020-04-12T11:02:11+00:00,مثبت,0.67,تحویل و ارسال | محصول,تحویل و ارسال
ژل ضدعفونی کننده دست 500 میل,https://www.khanoumi.com/products/schon-instant-hand-sanitizer-500ml-28663,بسیار عالی، بوی خیلی خوبی داره و به صرفه هست.,5,true,2020-04-05T12:34:03+00:00,مثبت,0.91,محصول,محصول
ژل ضدعفونی کننده دست 500 میل,https://www.khanoumi.com/products/schon-instant-hand-sanitizer-500ml-28663,"محصول خوب و ب صرفه ای هستش
",6,true,2020-03-16T16:15:32+00:00,مثبت,0.67,محصول,محصول
ژل ضدعفونی کننده دست 500 میل,https://www.khanoumi.com/products/schon-instant-hand-sanitizer-500ml-28663,"محصول خیلی خوبه عالی بود ممنون خانومی
",13,true,2020-03-13T18:00:26+00:00,مثبت,0.95,محصول,محصول
ژل ضدعفونی کننده دست 500 میل,https://www.khanoumi.com/products/schon-instant-hand-sanitizer-500ml-28663,خیلی از  این محصول راضی هستم کیفیتش عالیه  ,8,true,2020-03-13T02:08:41+00:00,مثبت,0.91,محصول,محصول
ژل ضدعفونی کننده دست 500 میل,https://www.khanoumi.com/products/schon-instant-hand-sanitizer-500ml-28663,خیلی محصول خوب و با کیفیتی است ,7,true,2020-03-11T19:10:00+00:00,مثبت,0.67,محصول,محصول
ژل ضدعفونی کننده دست 500 میل,https://www.khanoumi.com/products/schon-instant-hand-sanitizer-500ml-28663,محصول خوبیه ، قیمت و حجم خوبی هم داره ،امیدوارم دوباره موجود بشه,11,true,2020-03-09T11:40:25+00:00,مثبت,0.79,محصول | قیمت,محصول
ژل ضدعفونی کننده دست 500 میل,https://www.khanoumi.com/products/schon-instant-hand-sanitizer-500ml-28663,از بوی بعدش خوشم نمیاد ولی قویه,3,true,2020-03-09T00:46:32+00:00,خنثی,0.35,محصول,محصول
ژل ضدعفونی کننده دست 500 میل,https://www.khanoumi.com/products/schon-instant-hand-sanitizer-500ml-28663,محصول خوبی و معطریه و به سرعت تبخیر میشه .میزان الکل درصدش مشخص نیست افقط نوشته الکل .توصیه میشه,3,true,2020-03-08T15:21:39+00:00,مثبت,0.79,محصول,محصول
ژل ضدعفونی کننده دست 500 میل,https://www.khanoumi.com/products/schon-instant-hand-sanitizer-500ml-28663,خیلی عالی بود بوی خیلی خوبی داره ممنون خانومی,20,true,2020-03-04T17:44:53+00:00,مثبت,0.95,محصول,محصول
پن ضدجوش و آنتی باکتریال مناسب پوست جوشدار,https://www.khanoumi.com/products/phyto-one-anti-bacterial-cleansing-bar-100g-28664,موجودش کنیدددددد,0,false,2024-10-22T06:52:25.3048286+00:00,خنثی,0.35,محصول,محصول
پن ضدجوش و آنتی باکتریال مناسب پوست جوشدار,https://www.khanoumi.com/products/phyto-one-anti-bacterial-cleansing-bar-100g-28664,برای جوش های زیر پوستی من که معجزه کرد البته من مرتب استفاده میکنم و بعدش آبرسان میزنم,0,false,2024-09-15T13:01:43+00:00,خنثی,0.35,محصول,محصول
پن ضدجوش و آنتی باکتریال مناسب پوست جوشدار,https://www.khanoumi.com/products/phyto-one-anti-bacterial-cleansing-bar-100g-28664,من برای زیر بغل استفاده میکردم نمیگم بد بود ولی خیلی خفن هم نبود متوسط بود و با این قیمت خیلی پن های بهتری میشه خرید.,0,true,2024-05-11T11:36:47+00:00,مثبت,0.79,محصول | قیمت,محصول
پن ضدجوش و آنتی باکتریال مناسب پوست جوشدار,https://www.khanoumi.com/products/phyto-one-anti-bacterial-cleansing-bar-100g-28664,این پن دارای خاصیت ضد جوش و آنتی باکتریال است و شما پس از استفاده تأثیر آن را به خوبی احساس خواهید کرد. این محصول برای افراد دارای پوست جوشدار مناسب بوده و مانع از خشکی پوست می شود. این محصول دارای خاصیت ضد پیری و نرم کنندگی است به همین دلیل برای استفاده روزانه نیز مناسب است. ,4,false,2022-12-03T08:50:59+00:00,مثبت,0.67,محصول,محصول
پن ضدجوش و آنتی باکتریال مناسب پوست جوشدار,https://www.khanoumi.com/products/phyto-one-anti-bacterial-cleansing-bar-100g-28664,خیلی خوب بودجوش ها کم شد چربی پوست تنظیم شد راضی بودم ,6,true,2021-05-24T00:34:29+00:00,مثبت,0.95,محصول,محصول
کرم دور چشم اسمارت 20 میل,https://www.khanoumi.com/products/liesel-smart-eye-contour-cream-20ml-28676,هنوز خیلی نگذشته از استفاده‌م تاثیرش رو باید در طولانی مدت ببینم و بگم اما خیلی بافتشو دوس دارم لطیف و آبرسانه پوست زیر چشم تااازه میشه و بوی خیلی لطیفی هم داره,0,true,2026-07-21T09:59:28.1500882+03:30,خنثی,0.35,محصول,محصول
کرم دور چشم اسمارت 20 میل,https://www.khanoumi.com/products/liesel-smart-eye-contour-cream-20ml-28676,برای مرطوب نگه داشتن پوست دورچشم مناسبه ولی اگه کسی دورچشم درمانی بخواد این براش مناسب نیست این دورچشم بیشتر حالت مرطوب کنندگی دورچشم داره که تو طولانی مدت از چروک شدن و خشکی دورچشم محافظت میکنه,0,true,2026-01-05T23:46:46.8794941+03:30,خنثی,0.35,محصول,محصول
کرم دور چشم اسمارت 20 میل,https://www.khanoumi.com/products/liesel-smart-eye-contour-cream-20ml-28676,من یک دوره کامل استفاده کردم ، تاثیری روی چروک زیر چشم من نداشت! پف چشم رو تقریبا میگیره و خشکی و کشیدگی رو رفع میکنه، بیشتر مرطوب کننده هست,0,true,2025-09-27T02:17:27.6539936+03:30,خنثی,0.35,سایر,سایر
کرم دور چشم اسمارت 20 میل,https://www.khanoumi.com/products/liesel-smart-eye-contour-cream-20ml-28676,فقط جنبه ابرسانی داره,0,true,2025-09-01T14:37:11.110442+03:30,خنثی,0.35,سایر,سایر
کرم دور چشم اسمارت 20 میل,https://www.khanoumi.com/products/liesel-smart-eye-contour-cream-20ml-28676,درحداین که دورچشم رو ازکشیدگی وخشکی نجات بده خوبه وگرنه نه پف ونه تیرگی وحتی چروک روکارایی نداره,0,true,2025-04-11T22:38:56.6006574+00:00,ترکیبی,0.82,محصول,محصول
کرم دور چشم اسمارت 20 میل,https://www.khanoumi.com/products/liesel-smart-eye-contour-cream-20ml-28676,تاثیری نداشت واسه‌ی من,0,true,2025-02-21T13:11:16.9703242+00:00,خنثی,0.35,سایر,سایر
کرم دور چشم اسمارت 20 میل,https://www.khanoumi.com/products/liesel-smart-eye-contour-cream-20ml-28676,تاثیر ضد تیرگی آنچنانی نداره اما آبرسان خیلی خوبیه و بعد استفاده دور چشمت کمی احساس گرما میکنی که بخاطر افزایش گردش خون در اون ناحیه‌س.,0,true,2025-02-06T23:05:12.4953008+00:00,مثبت,0.79,سایر,سایر
کرم دور چشم اسمارت 20 میل,https://www.khanoumi.com/products/liesel-smart-eye-contour-cream-20ml-28676,من هیچ تاثیری در رفع یا کاهش تیرگی و چروک ندیدم از این محصول,0,true,2025-01-26T12:53:58.3761445+00:00,خنثی,0.35,محصول,محصول
کرم دور چشم اسمارت 20 میل,https://www.khanoumi.com/products/liesel-smart-eye-contour-cream-20ml-28676,من هیچ تاثیری در رفع یا کاهش تیرگی و چروک ندیدم از این محصول,0,true,2025-01-26T12:52:41.107972+00:00,خنثی,0.35,محصول,محصول
کرم دور چشم اسمارت 20 میل,https://www.khanoumi.com/products/liesel-smart-eye-contour-cream-20ml-28676,"دورچشم خیلی خوبیه رطوبت خیلی خوبی به دورچشم میده
ولی توقع ضدتیرگی رو ازش نداشته باشید چون تاثیر چندانی نداره",0,true,2024-12-18T01:48:48.4937526+00:00,مثبت,0.95,سایر,سایر
کرم دور چشم اسمارت 20 میل,https://www.khanoumi.com/products/liesel-smart-eye-contour-cream-20ml-28676,هیچ تاثیری جز مرطوب کنندگی نداره,0,false,2024-12-04T07:44:15.6002773+00:00,خنثی,0.35,سایر,سایر
کرم دور چشم اسمارت 20 میل,https://www.khanoumi.com/products/liesel-smart-eye-contour-cream-20ml-28676,یه دونه کامل تموم کردم تاثیرچندانی نداشت,0,true,2024-12-04T05:46:50.2795528+00:00,خنثی,0.35,محصول,محصول
کرم دور چشم اسمارت 20 میل,https://www.khanoumi.com/products/liesel-smart-eye-contour-cream-20ml-28676,برند خوبیه.بعد از چندبار استفاده دور چشمم شاداب تر شد.خوب ابرسانی میکنه.چروکای ریز رو محو میکنه البته باید طولانی مدت استفاده بشه مثل همه ی ضدچروک ها.,0,true,2024-11-28T22:42:48.5155024+00:00,مثبت,0.79,سایر,سایر
کرم دور چشم اسمارت 20 میل,https://www.khanoumi.com/products/liesel-smart-eye-contour-cream-20ml-28676,هیچ تاثیری نداره,0,true,2024-10-14T21:43:08.7593958+00:00,خنثی,0.35,سایر,سایر
کرم دور چشم اسمارت 20 میل,https://www.khanoumi.com/products/liesel-smart-eye-contour-cream-20ml-28676,بسیار عالی بود، دوباره سفارش دادم ,0,true,2024-08-24T15:24:13+00:00,مثبت,0.79,محصول,محصول
کرم دور چشم اسمارت 20 میل,https://www.khanoumi.com/products/liesel-smart-eye-contour-cream-20ml-28676,من تاثیری ندیدم نه برای چروک نه تیرگی ,0,true,2024-08-03T17:05:01+00:00,خنثی,0.35,سایر,سایر
کرم دور چشم اسمارت 20 میل,https://www.khanoumi.com/products/liesel-smart-eye-contour-cream-20ml-28676,"3ساله از این محصول استفاده میکنم بنظرم تاثیرگذار بوده
چروکهای دور چشمم کم شده در مورد رفع تیرگی نظری ندارم چون خیلی فاکتورها باعث تیرگی میشن ",0,true,2024-07-28T09:47:35+00:00,خنثی,0.35,محصول,محصول
کرم دور چشم اسمارت 20 میل,https://www.khanoumi.com/products/liesel-smart-eye-contour-cream-20ml-28676,"تاثیر خاصی نداره
یکمم سنگینه ",0,false,2024-07-26T03:09:30+00:00,خنثی,0.35,سایر,سایر
کرم دور چشم اسمارت 20 میل,https://www.khanoumi.com/products/liesel-smart-eye-contour-cream-20ml-28676,تازه گرفتم خوبه,0,true,2024-07-14T22:56:03+00:00,مثبت,0.79,سایر,سایر
کرم دور چشم اسمارت 20 میل,https://www.khanoumi.com/products/liesel-smart-eye-contour-cream-20ml-28676,"دو هفتست استفاده میکنم، یه خط چروک داشتم زیر چشمم فقط، خودم تاثیری ندیدم هنوز.ولی همسرم چروکهای انتهای چشمش خیلی بهبود پیدا کرده.
فکر میکنم روهرپوستی بسته به سن و میزان چروک تاثیر متفاوتی داره. من 33و همسرم 38 سال.هر دو پوست چرب داریم.",0,true,2024-07-11T04:42:29+00:00,خنثی,0.35,محصول | تحویل و ارسال,محصول
کرم دور چشم اسمارت 20 میل,https://www.khanoumi.com/products/liesel-smart-eye-contour-cream-20ml-28676,فوق العاده موثر بود هم روی چروک و هم تیرگی خیلی زود نتیجه ش معلوم میشه کمتر از یک هفته البته چروک و تیرگی چشم من عمیق نبود ولی برای من باعث میلیا میشد شاید زیاد میزدم یا چون پوستم مستعد میلیا هست به این نکته توجه کنید,0,true,2024-07-07T22:05:00+00:00,مثبت,0.67,محصول,محصول
کرم دور چشم اسمارت 20 میل,https://www.khanoumi.com/products/liesel-smart-eye-contour-cream-20ml-28676,تاثییر خاصی ازش ندیدم نه برای روشن کنندگی نه برای خطوط ریز زیرچشم،فقط مرطوب کنندگی داره به نظر من.,0,true,2024-07-04T15:34:41+00:00,خنثی,0.35,سایر,سایر
کرم دور چشم اسمارت 20 میل,https://www.khanoumi.com/products/liesel-smart-eye-contour-cream-20ml-28676,پوست من حساسه یکی دوقیقه ی اول میسوزوند ولی درباره اثرش دو هفته دیگه نظر میدم,0,true,2024-06-19T18:38:02+00:00,خنثی,0.35,محصول,محصول
کرم دور چشم اسمارت 20 میل,https://www.khanoumi.com/products/liesel-smart-eye-contour-cream-20ml-28676,خشکه و هیچ اثر مثبتی ندیدم ازش,0,false,2024-06-13T17:50:59+00:00,خنثی,0.35,محصول,محصول
کرم دور چشم اسمارت 20 میل,https://www.khanoumi.com/products/liesel-smart-eye-contour-cream-20ml-28676,لطفا موجود کنید,0,true,2024-05-29T17:27:19+00:00,خنثی,0.35,محصول,محصول
کرم دور چشم اسمارت 20 میل,https://www.khanoumi.com/products/liesel-smart-eye-contour-cream-20ml-28676,لطفا شارژ کنید این محصولو,0,false,2024-05-28T18:45:10+00:00,خنثی,0.35,محصول,محصول
کرم دور چشم اسمارت 20 میل,https://www.khanoumi.com/products/liesel-smart-eye-contour-cream-20ml-28676,لطفا موجود کنید که بخریم ,0,true,2024-05-24T14:51:50+00:00,خنثی,0.35,محصول,محصول
کرم دور چشم اسمارت 20 میل,https://www.khanoumi.com/products/liesel-smart-eye-contour-cream-20ml-28676,واقعا خوب و موثربود هم تیرگی هم چروک,0,false,2024-05-11T12:19:59+00:00,مثبت,0.67,محصول,محصول
کرم دور چشم اسمارت 20 میل,https://www.khanoumi.com/products/liesel-smart-eye-contour-cream-20ml-28676,من این محصول رو از خانومی خریدم. خیلی بافت سفتی داره، چشمو میسوزونه و در عرض یک دقیقه خاصیت مرطوب کنندگیش از بین میره ,0,true,2024-04-18T00:22:22+00:00,خنثی,0.35,محصول,محصول
کرم دور چشم اسمارت 20 میل,https://www.khanoumi.com/products/liesel-smart-eye-contour-cream-20ml-28676,چرا موجود نمیشه ,0,false,2024-04-11T11:25:19+00:00,خنثی,0.35,محصول,محصول
کرم دور چشم اسمارت 20 میل,https://www.khanoumi.com/products/liesel-smart-eye-contour-cream-20ml-28676,موجود کنید لطفااااا,0,false,2024-04-10T01:17:51+00:00,خنثی,0.35,محصول,محصول
کرم دور چشم اسمارت 20 میل,https://www.khanoumi.com/products/liesel-smart-eye-contour-cream-20ml-28676,لطفا دوباره 50 درصد تخفیف و ارسال رایگان بزارید,0,true,2024-03-14T10:18:47+00:00,خنثی,0.35,تحویل و ارسال | قیمت,تحویل و ارسال
کرم دور چشم اسمارت 20 میل,https://www.khanoumi.com/products/liesel-smart-eye-contour-cream-20ml-28676,"تا اومدم بخرم تخفیف پنجاه درصدیش برداشته شد
لطفا دوباره تخفیفشو بزارید",0,false,2024-02-27T10:10:29+00:00,خنثی,0.35,قیمت,قیمت
کرم دور چشم اسمارت 20 میل,https://www.khanoumi.com/products/liesel-smart-eye-contour-cream-20ml-28676,دوهفته میشه که دارم هرشب استفاده میکنم مرطوب کنندگی خوبی داره هنوز تاثیر خاصی ازش ندیدم ولی خب تا الان راضی بودم ,0,true,2024-02-11T02:08:12+00:00,مثبت,0.79,محصول,محصول
کرم دور چشم اسمارت 20 میل,https://www.khanoumi.com/products/liesel-smart-eye-contour-cream-20ml-28676,سلام لطفاشارژش کن خانومی,0,true,2023-10-24T17:47:50+00:00,خنثی,0.35,سایر,سایر
کرم دور چشم اسمارت 20 میل,https://www.khanoumi.com/products/liesel-smart-eye-contour-cream-20ml-28676,"این کرم بی نظیره واقعا
",1,false,2023-07-17T13:31:33+00:00,خنثی,0.35,محصول,محصول
کرم دور چشم اسمارت 20 میل,https://www.khanoumi.com/products/liesel-smart-eye-contour-cream-20ml-28676,من دور چشمام خیلی تیره و خطوط افتاذه الان چند دوره اس این کرم و استفاده میکنم خیلی نتیجه داد عالی بود ,85,false,2020-05-04T14:01:42+00:00,مثبت,0.79,محصول,محصول
ساشه دستمال آنتی باکتریال یک بار مصرف دست حاوی روغن زیتون,https://www.khanoumi.com/products/uni-led-antibacterial-hand-cleansing-wet-wipes-28677,واقعا عالیه داشتنش تو کیف هر خانومی از واجباته راحت و بی دردسر دست و یا صورت میشه پاکیزه کرد ,0,true,2021-09-29T16:09:04+00:00,مثبت,0.79,سایر,سایر
اسپری دئودورانت مردانه نامبر وان 175 میل,https://www.khanoumi.com/products/beverly-hills-polo-club-deodorant-body-spray-number-1-for-men-175ml-28680,"اسپری دئودورانت مردانه نامبر وان پولو، بوی عالی و ماندگاری بالایی داره. این اسپری مناسب تمام فصل هاست و برای همه کسایی که به رایحه تند و تلخ علاقه دارن مناسبه.

",0,false,2022-12-12T14:22:12.3+00:00,مثبت,0.67,محصول,محصول
اسپری دئودورانت مردانه نامبر ایت 175 میل,https://www.khanoumi.com/products/beverly-hills-polo-club-deodorant-body-spray-number-8-for-men-175ml-28747,وااای‌همه رنگاش خوشبو هستن,1,false,2020-06-07T19:48:34+00:00,خنثی,0.35,محصول,محصول
محلول ضدعفونی کننده پوست با عصاره آلوئه ورا 60 میل,https://www.khanoumi.com/products/etop-virus-inactivation-and-anti-bacterial-hand-cleansing-60ml-28750,خیلی عالی و خوشبو بود اتفاقا من بوش رو خیلی دوس دارم ,0,true,2020-06-08T18:38:55+00:00,مثبت,0.67,محصول,محصول
محلول ضدعفونی کننده پوست با عصاره آلوئه ورا 60 میل,https://www.khanoumi.com/products/etop-virus-inactivation-and-anti-bacterial-hand-cleansing-60ml-28750,بوی جالبی نداره ...,0,true,2020-06-06T03:04:53+00:00,خنثی,0.35,محصول,محصول
محلول ضدعفونی کننده پوست با عصاره آلوئه ورا 60 میل,https://www.khanoumi.com/products/etop-virus-inactivation-and-anti-bacterial-hand-cleansing-60ml-28750,با سلام،،بنده هم سفارش دادم و بدستم رسید،،محصول خوبیه،ولی بوی عطر خاص و تندی داره که بنده به شخصه خوشم نمیاد ولی اطرافیان میگن بوش خوبه،،نمیدونم والا,2,true,2020-04-15T12:01:16+00:00,منفی,0.79,محصول | تحویل و ارسال,محصول
محلول ضدعفونی کننده پوست با عصاره آلوئه ورا 60 میل,https://www.khanoumi.com/products/etop-virus-inactivation-and-anti-bacterial-hand-cleansing-60ml-28750,محصول خوبی هست ولی بوی خوبی نداره. بوشو اصلا دوست ندارم ,1,true,2020-04-10T13:13:46+00:00,منفی,0.67,محصول | اصل بودن کالا,اصل بودن کالا
محلول ضدعفونی کننده پوست با عصاره آلوئه ورا 60 میل,https://www.khanoumi.com/products/etop-virus-inactivation-and-anti-bacterial-hand-cleansing-60ml-28750,سلام متشکرم فروشگاه خانومی قیمت مناسب محصولات با کیفیت ارسال سریع من خیلی راضیم ....,5,true,2020-03-18T00:03:45+00:00,مثبت,0.79,محصول | تحویل و ارسال | قیمت,محصول
محلول ضدعفونی کننده پوست با عصاره آلوئه ورا 60 میل,https://www.khanoumi.com/products/etop-virus-inactivation-and-anti-bacterial-hand-cleansing-60ml-28750,"محصول خوبی بود. لطفا بقیه محصولات هم شارژ کنید. ممنون 
",4,true,2020-03-17T15:39:38+00:00,مثبت,0.79,محصول,محصول
ضد آفتاب 5کاره بدون رنگ اس پی اف 50 مناسب پوست خشک و نرمال,https://www.khanoumi.com/products/laboren-5-action-in-1-sunscreen-cream-spf50-for-dry-and-normal-skin-28751,خیلی ضد آفتاب خوبیه من راضیم ازش پیشنهاد میکنم بخرید از خانومی کامل تشکر دارم هم قیمتهای مناسبی هم اینکه کیفیتها همه عالی لطفا خانومی شارژ کنید ک سبد خریدم تکمیل کنم ممنون میشم ,0,true,2024-06-12T16:37:29+00:00,مثبت,0.95,محصول | قیمت,محصول
ضد آفتاب 5کاره بدون رنگ اس پی اف 50 مناسب پوست خشک و نرمال,https://www.khanoumi.com/products/laboren-5-action-in-1-sunscreen-cream-spf50-for-dry-and-normal-skin-28751,ضد آفتاب خیلی خوبی بود لطفا شارژ کنید .ممنون,0,true,2023-11-27T22:07:49+00:00,مثبت,0.91,محصول,محصول
ضد آفتاب 5کاره بدون رنگ اس پی اف 50 مناسب پوست خشک و نرمال,https://www.khanoumi.com/products/laboren-5-action-in-1-sunscreen-cream-spf50-for-dry-and-normal-skin-28751,ضد افتاب خوبیه من خیلی راضی هستم ,7,true,2021-10-13T16:20:24+00:00,مثبت,0.79,سایر,سایر
ضد آفتاب 5کاره بدون رنگ اس پی اف 50 مناسب پوست خشک و نرمال,https://www.khanoumi.com/products/laboren-5-action-in-1-sunscreen-cream-spf50-for-dry-and-normal-skin-28751,من واقعا راضی بودم از این ضدآفتاب☺️,4,true,2021-10-06T15:35:28+00:00,مثبت,0.67,محصول,محصول
ضد آفتاب 5کاره بدون رنگ اس پی اف 50 مناسب پوست چرب و جوشدار,https://www.khanoumi.com/products/laboren-5-action-in-1-sunscreen-cream-spf50-for-oily-skin-28752,پوست من چرب و مستعد جوشه به همین خاطر به پیشنهاد یکی از دوستام ضدآفتاب 5کاره بدون رنگ اس پی اف 50 مناسب پوست چرب و جوشدار لابورن رو از فروشگاه اینترنتی خانومی سفارش دادم.  این کرم خیلی بافتش سبکه و حس سنگینی و چربی روی پوست به وجود نمیاره. ضدآفتاب لابورن به کنترل و تنظیم ترشح چربی پوست کمک میکنه و مانع بروز جوش و آکنه روی اون میشه. این محصول رو حدود یک ماه و نیمه که به طور روزانه استفاده کردم و حس میکنم باعث افزایش استحکام پوستم شده.,3,false,2022-08-20T18:50:19+00:00,ترکیبی,0.66,محصول,محصول
ضد آفتاب 5کاره بدون رنگ اس پی اف 50 مناسب پوست چرب و جوشدار,https://www.khanoumi.com/products/laboren-5-action-in-1-sunscreen-cream-spf50-for-oily-skin-28752,بسیار عالی. با این کرم احتیاج به آبرسان نداری .ی شفافیت خاص ب پوست میده . ,1,true,2022-05-03T12:46:22+00:00,مثبت,0.67,محصول,محصول
ضد آفتاب 5کاره بدون رنگ اس پی اف 50 مناسب پوست چرب و جوشدار,https://www.khanoumi.com/products/laboren-5-action-in-1-sunscreen-cream-spf50-for-oily-skin-28752,اصلاً خوب نیست فوق‌العاده چربه نوشته برای پوست چرب ولی این خیلی چربه وباعث جوش میشه,10,true,2022-04-11T17:26:02+00:00,منفی,0.91,محصول | اصل بودن کالا,اصل بودن کالا
ضد آفتاب 5کاره بدون رنگ اس پی اف 50 مناسب پوست چرب و جوشدار,https://www.khanoumi.com/products/laboren-5-action-in-1-sunscreen-cream-spf50-for-oily-skin-28752,"هیییییچ چیز خوبی توی این محصول وجود نداره. واقعا حیف پولی که به همچین چیزی دادم
اصلا جذب نمیشه و مثل روغن روی پوست باقی میمونه. بعد با گرمای پوست ذوب میشه و راه میفته و دائم طعمش توی دهن احساس میشه!
",65,true,2020-11-02T11:39:15+00:00,خنثی,0.35,محصول | اصل بودن کالا,محصول
ضد آفتاب 5کاره بدون رنگ اس پی اف 50 مناسب پوست چرب و جوشدار,https://www.khanoumi.com/products/laboren-5-action-in-1-sunscreen-cream-spf50-for-oily-skin-28752,عالي,37,true,2020-04-19T16:14:01+00:00,مثبت,0.67,سایر,سایر
ضد آفتاب 6کاره رنگی اس پی اف 50 مناسب پوست خشک و نرمال,https://www.khanoumi.com/products/laboren-56-action-in-1-tinted-sunscreen-cream-spf50-for-dry-and-normal-skin-28753,این کرم عاااالیعهههه عاااالی,0,true,2025-03-05T21:05:40.6931009+00:00,خنثی,0.35,محصول,محصول
ضد آفتاب 6کاره رنگی اس پی اف 50 مناسب پوست خشک و نرمال,https://www.khanoumi.com/products/laboren-56-action-in-1-tinted-sunscreen-cream-spf50-for-dry-and-normal-skin-28753,لطفا تخفیفشو بیشتر کنید,0,false,2025-01-08T14:58:55.0275763+00:00,خنثی,0.35,قیمت,قیمت
ضد آفتاب 6کاره رنگی اس پی اف 50 مناسب پوست خشک و نرمال,https://www.khanoumi.com/products/laboren-56-action-in-1-tinted-sunscreen-cream-spf50-for-dry-and-normal-skin-28753,بدون تردید میتونم بگم که بهترین ضدآفتاب که استفاده کردم.,1,true,2023-03-30T19:09:23+00:00,ترکیبی,0.66,سایر,سایر
ضد آفتاب 6کاره رنگی اس پی اف 50 مناسب پوست خشک و نرمال,https://www.khanoumi.com/products/laboren-56-action-in-1-tinted-sunscreen-cream-spf50-for-dry-and-normal-skin-28753,من واقعا راضی بودم ،من پوستم خشکه و اولش که میزنم یه کم سخت پخش میشه ولی بعدش عالیه ، کاور خیلی خوبی داره به طوری که کرم پودر رو گذاشتم کنار ،بوی خیلی خوبی هم داره ،صورت رو برق نمیندازه,1,false,2022-09-28T09:19:54+00:00,مثبت,0.95,محصول,محصول
ضد آفتاب 6کاره رنگی اس پی اف 50 مناسب پوست خشک و نرمال,https://www.khanoumi.com/products/laboren-56-action-in-1-tinted-sunscreen-cream-spf50-for-dry-and-normal-skin-28753,این کرم ضدآفتاب فوق العاده اس هم قدرت پوشانندگی خوبی داره هم رنگش مناسبه هم راحت پخش میشه رو پوست ، نمی ماسه ، خلاصه بهترینه ، از وچه و لافاررر و درماتیپیک که استفاده کردم این ضدافتاب لابورن بهترینه,51,true,2022-01-10T19:44:41+00:00,مثبت,0.95,محصول | تحویل و ارسال,محصول
ضدآفتاب 6کاره رنگی اس پی اف 50 مناسب پوست چرب,https://www.khanoumi.com/products/laboren-56-action-in-1-tinted-sunscreen-cream-spf50-for-oily-skin-28754,پوست مختلط دارم سالها درگیر بودم و هر کرمی که تهیه کردم با پوست صورتم سازگاری نداشت این کرم محشره فوق العاده است فقط خیلی سخت پیدا میشه لطفا اینجا موجود بشه به هرکسی که پوست چرب مختلط جوش دار داره توصیه میکنم,0,false,2026-07-08T23:36:55.6133874+03:30,مثبت,0.91,محصول,محصول
ضدآفتاب 6کاره رنگی اس پی اف 50 مناسب پوست چرب,https://www.khanoumi.com/products/laboren-56-action-in-1-tinted-sunscreen-cream-spf50-for-oily-skin-28754,من خیلی راضی هستم فقط خیلی سخت پیدا میشه و نام آشنا نیست ولی واقعا کرم خوبیه,0,false,2026-05-14T10:43:01.6928548+03:30,مثبت,0.79,محصول,محصول
ضدآفتاب 6کاره رنگی اس پی اف 50 مناسب پوست چرب,https://www.khanoumi.com/products/laboren-56-action-in-1-tinted-sunscreen-cream-spf50-for-oily-skin-28754,پوستم مختلط حساس و جوش داره بعد از چندین سال تست انوع کرم ها و مراجعه به پزشکهای مختلف و تحت درمان کیلینک ها بلاخره خیلی اتفاقی این کرم رو درکمال ناامیدی خریداری کردم و شد بهترین ضدآفتابی بود که مصرف کردم  نه پس میزنه پوستم نه منافذ رو باز میکنه خلاصه بینظیر و عالیه و به کسانی که مشکل منو دارن شدیدا توصیه میکنم  فقط تهیه اش سخته و همه جا ندارن لطفا موجود کنید,0,false,2025-05-08T14:38:18.0863077+00:00,مثبت,0.95,محصول,محصول
ضدآفتاب 6کاره رنگی اس پی اف 50 مناسب پوست چرب,https://www.khanoumi.com/products/laboren-56-action-in-1-tinted-sunscreen-cream-spf50-for-oily-skin-28754,بهترین ضد افتاب زندگیم هستش چندین ساله,0,true,2025-03-02T11:47:38.3586032+00:00,مثبت,0.67,سایر,سایر
ضدآفتاب 6کاره رنگی اس پی اف 50 مناسب پوست چرب,https://www.khanoumi.com/products/laboren-56-action-in-1-tinted-sunscreen-cream-spf50-for-oily-skin-28754,همیشه راضی بودم هستم خواهم بود روی دستش در ایرانی ها نیست,0,true,2025-02-03T07:25:39.137633+00:00,مثبت,0.67,محصول,محصول
ضدآفتاب 6کاره رنگی اس پی اف 50 مناسب پوست چرب,https://www.khanoumi.com/products/laboren-56-action-in-1-tinted-sunscreen-cream-spf50-for-oily-skin-28754,تخفیف بزارید لطفا,0,false,2024-12-23T17:07:52.0982118+00:00,خنثی,0.35,قیمت,قیمت
ضدآفتاب 6کاره رنگی اس پی اف 50 مناسب پوست چرب,https://www.khanoumi.com/products/laboren-56-action-in-1-tinted-sunscreen-cream-spf50-for-oily-skin-28754,خیلی وقته منتظر شارژش با تخفیف مناسب هستیم,0,false,2024-04-16T23:05:50+00:00,خنثی,0.35,قیمت,قیمت
ضدآفتاب 6کاره رنگی اس پی اف 50 مناسب پوست چرب,https://www.khanoumi.com/products/laboren-56-action-in-1-tinted-sunscreen-cream-spf50-for-oily-skin-28754,لطفاموجود کنید و تخفیف ویژه هم بذارین🌷🌷🙏🏼,0,false,2023-08-07T20:56:47+00:00,خنثی,0.35,محصول | قیمت,محصول
ضدآفتاب 6کاره رنگی اس پی اف 50 مناسب پوست چرب,https://www.khanoumi.com/products/laboren-56-action-in-1-tinted-sunscreen-cream-spf50-for-oily-skin-28754,"با سلام 
من در یک تخفیف خوب خریدم این محصول رو وحقیقتا یکی از بهترین محصولات پوستی ایرانی هست که تا امروز استفاده کردم . پوست من چرب هست و این محصول هم آبرسانه هم ضد آفتابه و هم پوست رو مات نگه میداره و براق نمیکنه. ",1,true,2022-10-01T13:58:15+00:00,مثبت,0.79,محصول | قیمت,محصول
ضدآفتاب 6کاره رنگی اس پی اف 50 مناسب پوست چرب,https://www.khanoumi.com/products/laboren-56-action-in-1-tinted-sunscreen-cream-spf50-for-oily-skin-28754,پوست من چرب و مستعد آکنه هست و ضدآفتاب های مختلفی رو استفاده کردم ولی همشون به پوستم نساخته. یکبار ضدآفتاب 6کاره رنگی اس پی اف 50 مناسب پوست چرب لابورن رو از پیشنهادهای ویژه فروشگاه اینترنتی خانومی سفارش دادم و خوشبختانه با پوستم سازگار بود و باعث ایجاد جوش‌ و آکنه نشد. این محصول بافت سبکی داره و خوب روی پوست پخش میشه و پوششی یکدست و یکنواخت روی اون به وجود میاره. ضدآفتاب لابورن ترشح چربی پوستم رو کنترل و تنظیم کرده، موجب آبرسانیش میشه و جلوه ای مات و طبیعی به پوستم  میده.,4,false,2022-08-24T18:29:18+00:00,مثبت,0.79,محصول,محصول
ضدآفتاب 6کاره رنگی اس پی اف 50 مناسب پوست چرب,https://www.khanoumi.com/products/laboren-56-action-in-1-tinted-sunscreen-cream-spf50-for-oily-skin-28754,تو ضدآفتاب هایی که تا حالا استفاده کردم این بهترین بوده👌,2,false,2022-08-20T12:37:32+00:00,مثبت,0.67,محصول,محصول
ضدآفتاب 6کاره رنگی اس پی اف 50 مناسب پوست چرب,https://www.khanoumi.com/products/laboren-56-action-in-1-tinted-sunscreen-cream-spf50-for-oily-skin-28754,من این ضد افتابو دوبار گرفتم عالیه ...واقعا راضیم‌..خواهرم هم‌مناسب پوست جربش گرفته عالیه ,5,false,2022-05-12T15:33:06+00:00,مثبت,0.95,محصول,محصول
ضدآفتاب 6کاره رنگی اس پی اف 50 مناسب پوست چرب,https://www.khanoumi.com/products/laboren-56-action-in-1-tinted-sunscreen-cream-spf50-for-oily-skin-28754,من استفاده کردم عالیه ..یکی دیگه هم سفارش دادم‌.پوشش دهی و ماندگاری بالایی داره جوش هم‌نمیزنه ,6,false,2022-03-15T15:06:52+00:00,مثبت,0.79,محصول,محصول
ضدآفتاب 6کاره رنگی اس پی اف 50 مناسب پوست چرب,https://www.khanoumi.com/products/laboren-56-action-in-1-tinted-sunscreen-cream-spf50-for-oily-skin-28754,من استفاده کردم خوبه پوشش دهیش عالیه و جوش هم نزد درکل خوبه .میخوام یکی دیگه سفارش بدم‌ ,7,false,2022-02-17T21:57:03+00:00,مثبت,0.95,محصول,محصول
ضدآفتاب 6کاره رنگی اس پی اف 50 مناسب پوست چرب,https://www.khanoumi.com/products/laboren-56-action-in-1-tinted-sunscreen-cream-spf50-for-oily-skin-28754,"واقعا از خرید این ضد افتاب پشیمون شدم و همینطوری بعد از ۲ بار استفاده کنار گذاشتم
روی پوست سنگینه و میماسه، باعث جوش شد برای من با اینکه نوشته بود ضد جوش، رنگ تیره‌ای داشت که روبه زردی میزد.",19,true,2021-09-19T04:18:56+00:00,منفی,0.67,محصول,محصول
ضدآفتاب 6کاره رنگی اس پی اف 50 مناسب پوست چرب,https://www.khanoumi.com/products/laboren-56-action-in-1-tinted-sunscreen-cream-spf50-for-oily-skin-28754,"اصلا راضی‌ نبودم
رنگ پژ طبیعی پررنگ‌ بود
با استفاده صورتم که جوش نمی‌زنه پر جوش زیرپوستی ریز شد
روی صورت کمی می‌ماسید",13,true,2021-06-01T23:50:47+00:00,منفی,0.79,محصول | اصل بودن کالا,اصل بودن کالا
ضدآفتاب 6کاره رنگی اس پی اف 50 مناسب پوست چرب,https://www.khanoumi.com/products/laboren-56-action-in-1-tinted-sunscreen-cream-spf50-for-oily-skin-28754,اصلا کرم خوبی نبود به سختی رو پوست حرکت میکنه و میماسه  و غلیظه ,20,false,2020-09-30T02:24:22+00:00,خنثی,0.35,محصول | اصل بودن کالا,محصول
ضدآفتاب 6کاره رنگی اس پی اف 50 مناسب پوست چرب,https://www.khanoumi.com/products/laboren-56-action-in-1-tinted-sunscreen-cream-spf50-for-oily-skin-28754,باوجودیکه پوست خشکی دارم ولی این ضد آفتاب فوق العاده ست ,26,false,2020-06-22T13:26:50+00:00,مثبت,0.67,محصول,محصول
کاندوم کلاسیک خیلی نازک با ماده اسپرم کش 12 عددی اسانس وانیل,https://www.khanoumi.com/products/churchills-safe-touch-condoms-12pcs-28760,دوستان لطفا تست کردین به منم اطلاع بدید,0,true,2024-02-13T21:43:40+00:00,منفی,0.67,سایر,سایر
فوم آنتی باکتریال دست کودک 200 میل,https://www.khanoumi.com/products/wee-care-kids-anti-bacterial-foam-200ml-28768,لطفا موجود کنید,0,false,2025-02-05T18:31:21.192867+00:00,خنثی,0.35,محصول,محصول
محلول ضدعفونی کننده پوست با عصاره آلوئه ورا 300 میل,https://www.khanoumi.com/products/etop-virus-inactivation-and-anti-bacterial-hand-cleansing-300ml-28769,من از این محصول استفاده کردم، خوبه،  راضی م.,1,true,2020-04-14T13:36:06+00:00,مثبت,0.91,محصول,محصول
پد روزانه خیلی نازک 5+35 عددی مناسب پوست حساس,https://www.khanoumi.com/products/tafteh-ultra-thin-daily-pad-40pcs-28770,عالیه چسب محکم و بدون حساسیت,0,true,2026-07-02T10:44:49.4475436+03:30,ترکیبی,0.74,سایر,سایر
پد روزانه خیلی نازک 5+35 عددی مناسب پوست حساس,https://www.khanoumi.com/products/tafteh-ultra-thin-daily-pad-40pcs-28770,برای روزهای اخر خیلی استفاد میشه,0,true,2026-06-30T15:28:08.0954818+03:30,خنثی,0.35,سایر,سایر
پد روزانه خیلی نازک 5+35 عددی مناسب پوست حساس,https://www.khanoumi.com/products/tafteh-ultra-thin-daily-pad-40pcs-28770,کسایی که نوشتن پد خیلی کوچیکه  این برای پریود نیست مه برای کسایی که ترشح دارن و نمیخان لباس زیرشون کثیف بشه هست برا همین انقدر کوچیکه روزانس دیگه,0,false,2026-06-11T15:03:37.1788066+03:30,خنثی,0.35,سایر,سایر
پد روزانه خیلی نازک 5+35 عددی مناسب پوست حساس,https://www.khanoumi.com/products/tafteh-ultra-thin-daily-pad-40pcs-28770,خیلی خیلی کوچیکه بدرد هیچی نمیخوره,0,false,2026-05-17T17:43:32.9168727+03:30,مثبت,0.67,سایر,سایر
پد روزانه خیلی نازک 5+35 عددی مناسب پوست حساس,https://www.khanoumi.com/products/tafteh-ultra-thin-daily-pad-40pcs-28770,خیلی خیلی کوچیکه فقط برای روز های اخر پریود خوبه,0,true,2026-02-28T23:30:27.9454702+03:30,مثبت,0.79,سایر,سایر
پد روزانه خیلی نازک 5+35 عددی مناسب پوست حساس,https://www.khanoumi.com/products/tafteh-ultra-thin-daily-pad-40pcs-28770,"من اولین باره سفارش دادم . وقتی دیدگاه دوستان رو دیدم گفتم شاید خیلی خوبه که اینقدر تعریف میدن . اما متاسفانه سایزش خیلی خیلی کوچیکه من الان روزای آخرم هست و لکه خیلی کم میاد اما از کنارش لباس زیرم رو کثیف می‌کنه از بس سایزش کوچیکه و واقعیش راضی نیستم و پیشنهاد نمی‌دم .
ممنون از خانومی",0,true,2026-02-20T23:27:03.0373288+03:30,منفی,0.67,محصول,محصول
پد روزانه خیلی نازک 5+35 عددی مناسب پوست حساس,https://www.khanoumi.com/products/tafteh-ultra-thin-daily-pad-40pcs-28770,خیلی خوبه برای روزای اخر قاعدگی و عفونت و ترشح,0,false,2026-01-09T22:00:52.741558+03:30,مثبت,0.91,سایر,سایر
پد روزانه خیلی نازک 5+35 عددی مناسب پوست حساس,https://www.khanoumi.com/products/tafteh-ultra-thin-daily-pad-40pcs-28770,خیلی عالیه کاملا راحته,0,true,2025-12-19T08:17:51.4132253+03:30,مثبت,0.79,سایر,سایر
پد روزانه خیلی نازک 5+35 عددی مناسب پوست حساس,https://www.khanoumi.com/products/tafteh-ultra-thin-daily-pad-40pcs-28770,خوب و خوشگل,0,true,2025-12-07T15:42:01.9742942+03:30,مثبت,0.67,سایر,سایر
پد روزانه خیلی نازک 5+35 عددی مناسب پوست حساس,https://www.khanoumi.com/products/tafteh-ultra-thin-daily-pad-40pcs-28770,خیلی خوبه. کاملا به لباس زیر میچسبه و اذیت نمیکنه. برای استفاده روزانه و روزای آخر قائدگی خیلی مناسب. با اینکه به ظاهر کوچیکه اما جذب خوبی هم داره. من چندساله دارم استفاده  میکنم لطفا بازم موجودش کنید.,0,false,2025-10-28T03:36:21.9829683+03:30,مثبت,0.95,محصول,محصول
پد روزانه خیلی نازک 5+35 عددی مناسب پوست حساس,https://www.khanoumi.com/products/tafteh-ultra-thin-daily-pad-40pcs-28770,برای من اصلا خوب نبود هرموقع استفاده کردم خارش و سوزش و عفونت گرفتم,0,true,2025-08-26T16:58:25.9683555+00:00,خنثی,0.4,محصول | اصل بودن کالا,محصول
پد روزانه خیلی نازک 5+35 عددی مناسب پوست حساس,https://www.khanoumi.com/products/tafteh-ultra-thin-daily-pad-40pcs-28770,خیلی خوبه چرا موجود نمیشه,0,false,2025-08-22T19:36:05.918612+00:00,مثبت,0.91,محصول,محصول
پد روزانه خیلی نازک 5+35 عددی مناسب پوست حساس,https://www.khanoumi.com/products/tafteh-ultra-thin-daily-pad-40pcs-28770,عالیه عالی,0,true,2025-05-27T13:22:52.2242948+00:00,مثبت,0.91,سایر,سایر
پد روزانه خیلی نازک 5+35 عددی مناسب پوست حساس,https://www.khanoumi.com/products/tafteh-ultra-thin-daily-pad-40pcs-28770,بارها شارژ کردم محصول خوبیه,0,true,2025-04-02T09:07:58.9937377+00:00,مثبت,0.67,محصول,محصول
پد روزانه خیلی نازک 5+35 عددی مناسب پوست حساس,https://www.khanoumi.com/products/tafteh-ultra-thin-daily-pad-40pcs-28770,"چیز خوبیه مخصوصا برای روزای آخر پریودی. 
بازم میخرم",0,true,2025-03-24T13:38:52.8739391+00:00,مثبت,0.67,سایر,سایر
پد روزانه خیلی نازک 5+35 عددی مناسب پوست حساس,https://www.khanoumi.com/products/tafteh-ultra-thin-daily-pad-40pcs-28770,چند ساله استفاده میکنم و بسیار راضی ام,0,true,2025-03-01T17:51:25.5426832+00:00,مثبت,0.79,سایر,سایر
پد روزانه خیلی نازک 5+35 عددی مناسب پوست حساس,https://www.khanoumi.com/products/tafteh-ultra-thin-daily-pad-40pcs-28770,خیلی خوبه من که چند ساله دارم استفاده می کنم,0,true,2025-02-23T07:41:39.586731+00:00,مثبت,0.91,سایر,سایر
پد روزانه خیلی نازک 5+35 عددی مناسب پوست حساس,https://www.khanoumi.com/products/tafteh-ultra-thin-daily-pad-40pcs-28770,لطفاً موجود کنید,0,true,2025-02-22T13:30:56.0171217+00:00,خنثی,0.35,محصول,محصول
پد روزانه خیلی نازک 5+35 عددی مناسب پوست حساس,https://www.khanoumi.com/products/tafteh-ultra-thin-daily-pad-40pcs-28770,عالیه همیشه تو بسته خرید از خانومی دوبسته پد روزانه هم دارم .,0,true,2025-02-20T06:15:04.9120914+00:00,مثبت,0.79,تحویل و ارسال,تحویل و ارسال
پد روزانه خیلی نازک 5+35 عددی مناسب پوست حساس,https://www.khanoumi.com/products/tafteh-ultra-thin-daily-pad-40pcs-28770,خواهشا محصولات تافتە رو موجود کنین لطفااااا با تخفیف خوب,0,true,2025-02-11T19:37:01.1502153+00:00,مثبت,0.67,محصول | قیمت,محصول
پد روزانه خیلی نازک 5+35 عددی مناسب پوست حساس,https://www.khanoumi.com/products/tafteh-ultra-thin-daily-pad-40pcs-28770,"نزدیک به 10 سال میشه ازش استفاده میکنم ، چون روزانه‌ست کاراییش خوبه و برای اینکه لباس زیر خیس نشه جذب خوبی داره .
خانمی لطفا شارژش کنید.",0,true,2025-02-03T14:44:42.0481738+00:00,مثبت,0.67,محصول,محصول
پد روزانه خیلی نازک 5+35 عددی مناسب پوست حساس,https://www.khanoumi.com/products/tafteh-ultra-thin-daily-pad-40pcs-28770,"برای روزهای اول و آخر ماهانه خیییلی عالیه
من خیلی مدت هست که استفاده میکنم 
اما این مدل نسبت به مدل های دیگه واقعا خیلی کوچیکتره
البته قیمت مناسب تری هم داره
برای مسافرت هم کاربردیه جلوگیری میکنه از مرطوب ماندن لباس زیر",0,true,2025-01-31T04:59:57.8636577+00:00,مثبت,0.79,قیمت,قیمت
پد روزانه خیلی نازک 5+35 عددی مناسب پوست حساس,https://www.khanoumi.com/products/tafteh-ultra-thin-daily-pad-40pcs-28770,خیلی خیلی کوچیکه در حد دوتا برگ دستمال کاغذی چسبیده بهمه ، مطمئنا دیگه سفارش نمیدم,0,true,2025-01-03T06:42:43.9518721+00:00,خنثی,0.35,سایر,سایر
پد روزانه خیلی نازک 5+35 عددی مناسب پوست حساس,https://www.khanoumi.com/products/tafteh-ultra-thin-daily-pad-40pcs-28770,سلام ،متاسفانه خیلی کوچیکه فکرمیکنم کارایی زیادی نداشته باشه.,0,true,2024-12-29T10:38:05.6141013+00:00,منفی,0.67,محصول,محصول
پد روزانه خیلی نازک 5+35 عددی مناسب پوست حساس,https://www.khanoumi.com/products/tafteh-ultra-thin-daily-pad-40pcs-28770,برند تافته درسشو پس داده و واقعا برند خوبیه این محصول رو من بار اول بود میخریدم و تاالان استفاده نکردم سایزش یکم کوچیک تر از تصورم بود اما عالیه تو خریدش شک نکنید,0,true,2024-12-15T12:17:43.9085992+00:00,مثبت,0.91,محصول,محصول
پد روزانه خیلی نازک 5+35 عددی مناسب پوست حساس,https://www.khanoumi.com/products/tafteh-ultra-thin-daily-pad-40pcs-28770,لطفا دوباره موجود کنید.,0,true,2024-11-10T09:28:30.5805223+00:00,خنثی,0.35,محصول,محصول
پد روزانه خیلی نازک 5+35 عددی مناسب پوست حساس,https://www.khanoumi.com/products/tafteh-ultra-thin-daily-pad-40pcs-28770,سلام خیلی وقته منتظرم پد روزانه تافته شارژ بشه لطفا شارژش کنید,0,true,2024-11-05T04:10:02.8909806+00:00,خنثی,0.35,سایر,سایر
پد روزانه خیلی نازک 5+35 عددی مناسب پوست حساس,https://www.khanoumi.com/products/tafteh-ultra-thin-daily-pad-40pcs-28770,برای استفاده روزانه عالیه,0,true,2024-10-20T13:33:51.2206916+00:00,مثبت,0.79,سایر,سایر
پد روزانه خیلی نازک 5+35 عددی مناسب پوست حساس,https://www.khanoumi.com/products/tafteh-ultra-thin-daily-pad-40pcs-28770,به عنوان مصرف روزانه عالی هست,0,true,2024-10-19T05:10:08.5826325+00:00,مثبت,0.67,سایر,سایر
پد روزانه خیلی نازک 5+35 عددی مناسب پوست حساس,https://www.khanoumi.com/products/tafteh-ultra-thin-daily-pad-40pcs-28770,لطفا موجود کنید من چند روزه منتظرم موجود شه که با بقیه سفارشام ثبتش کنم,0,false,2024-10-17T13:40:49.122876+00:00,خنثی,0.35,محصول,محصول
پد روزانه خیلی نازک 5+35 عددی مناسب پوست حساس,https://www.khanoumi.com/products/tafteh-ultra-thin-daily-pad-40pcs-28770,"من سالهاست از این پد به صورت روزانه استفاده میکنم، قبل پیدا کردنش از پدهای خارجی استفاده میکردم، به جرات میتونم بگم با نمونه‌های خارجیش برابری می‌کنه و کیفیتش تغییر نکرده
فقط اینکه هرجایی پیدا نمیشه",0,true,2024-10-10T13:42:13.2360431+00:00,خنثی,0.35,محصول,محصول
پد روزانه خیلی نازک 5+35 عددی مناسب پوست حساس,https://www.khanoumi.com/products/tafteh-ultra-thin-daily-pad-40pcs-28770,"فکر میکردم از این پد معمولی هاست که بزرگه و مناسب دوران قاعدگیه
اما وقتی بدستم رسید دیدم چقد کوچیکه
 جالب بود برام ، همونطور که روی بستش نوشته شده پد روزانه هستش
اولین باره دارم از این محصول استفاده میکنم و جای دیگه ای ندیدم و اینکه واقعا کاربردیه

ممنون از سایت خانومی 

قطعا دوباره هم ثبت سفارش میکنم",0,true,2024-08-10T12:33:37+00:00,ترکیبی,0.71,محصول | تحویل و ارسال,محصول
پد روزانه خیلی نازک 5+35 عددی مناسب پوست حساس,https://www.khanoumi.com/products/tafteh-ultra-thin-daily-pad-40pcs-28770,"عالی و کاربردی 
",0,true,2024-08-08T12:17:09+00:00,مثبت,0.67,سایر,سایر
پد روزانه خیلی نازک 5+35 عددی مناسب پوست حساس,https://www.khanoumi.com/products/tafteh-ultra-thin-daily-pad-40pcs-28770,"لطفاً موجود کنید 
میخوام ثبت سفارشم رو کامل کنم",0,false,2024-06-20T15:28:00+00:00,خنثی,0.35,محصول,محصول
پد روزانه خیلی نازک 5+35 عددی مناسب پوست حساس,https://www.khanoumi.com/products/tafteh-ultra-thin-daily-pad-40pcs-28770,خیلی کاربردیه برای استفاده روزانه عالیه اذیت نمیکنه جذبش زیاده,0,false,2024-05-20T01:41:06+00:00,منفی,0.79,سایر,سایر
پد روزانه خیلی نازک 5+35 عددی مناسب پوست حساس,https://www.khanoumi.com/products/tafteh-ultra-thin-daily-pad-40pcs-28770,عالی,0,true,2024-04-20T23:40:12+00:00,مثبت,0.67,سایر,سایر
پد روزانه خیلی نازک 5+35 عددی مناسب پوست حساس,https://www.khanoumi.com/products/tafteh-ultra-thin-daily-pad-40pcs-28770,موجود کنین سبدمو تکمیل کنم,0,false,2024-04-16T12:29:43+00:00,منفی,0.67,محصول,محصول
پد روزانه خیلی نازک 5+35 عددی مناسب پوست حساس,https://www.khanoumi.com/products/tafteh-ultra-thin-daily-pad-40pcs-28770,موجود کنید کیفیتش خوب بود ,0,true,2024-04-02T11:57:59+00:00,مثبت,0.79,محصول,محصول
پد روزانه خیلی نازک 5+35 عددی مناسب پوست حساس,https://www.khanoumi.com/products/tafteh-ultra-thin-daily-pad-40pcs-28770,موجود کنیددددددددد,0,false,2024-03-22T17:41:11+00:00,خنثی,0.35,محصول,محصول
پد روزانه خیلی نازک 5+35 عددی مناسب پوست حساس,https://www.khanoumi.com/products/tafteh-ultra-thin-daily-pad-40pcs-28770,موجود کنید لطفا,0,false,2024-03-17T15:28:39+00:00,خنثی,0.35,محصول,محصول
پد روزانه خیلی نازک 5+35 عددی مناسب پوست حساس,https://www.khanoumi.com/products/tafteh-ultra-thin-daily-pad-40pcs-28770,واقعا عالی و با کیفیته 👌,0,true,2023-09-02T23:51:51+00:00,مثبت,0.67,محصول,محصول
پد روزانه خیلی نازک 5+35 عددی مناسب پوست حساس,https://www.khanoumi.com/products/tafteh-ultra-thin-daily-pad-40pcs-28770,بهترین پد روزانه توی برند ایرانی,6,true,2021-10-17T03:47:18+00:00,مثبت,0.67,سایر,سایر
پد روزانه خیلی نازک 5+35 عددی مناسب پوست حساس,https://www.khanoumi.com/products/tafteh-ultra-thin-daily-pad-40pcs-28770,من عاشق این محصولم واقعا عالیه,15,false,2020-05-27T14:19:02+00:00,مثبت,0.79,محصول,محصول
کیت رنگ مو,https://www.khanoumi.com/products/zi-fam-hair-color-kit-28772,برای موی بدون دکلره هم مناسبه و جواب میده یا نه؟,0,false,2026-04-07T22:45:47.5224803+03:30,منفی,0.67,محصول,محصول
کیت رنگ مو,https://www.khanoumi.com/products/zi-fam-hair-color-kit-28772,لطفا موجود کنید,0,true,2025-02-04T08:14:32.5007865+00:00,خنثی,0.35,محصول,محصول
کیت رنگ مو,https://www.khanoumi.com/products/zi-fam-hair-color-kit-28772,لطفا موجود کنید,0,false,2025-02-01T10:53:39.1850213+00:00,خنثی,0.35,محصول,محصول
کیت رنگ مو,https://www.khanoumi.com/products/zi-fam-hair-color-kit-28772,لطفا شماره 5 را موجود کنید.,0,true,2024-12-21T23:04:13.6269616+00:00,خنثی,0.35,محصول,محصول
کیت رنگ مو,https://www.khanoumi.com/products/zi-fam-hair-color-kit-28772,شماره 8 گرفتم اولین بار بود موهامو رنگ کردم کف سرمو اصلا نسوزوند مواد حساسیت زا نداره فقط انتظار داشتم سفیدی هارو بپوشونه که اصلا پوشش نداد ماسک موی نرم کننده ای تو بسته بود خیلی موهامو نرم و ابریشمی کرد کلا از کیفیتش راضی بودم,0,false,2024-10-29T09:56:53.2966688+00:00,مثبت,0.91,محصول | اصل بودن کالا | تحویل و ارسال,محصول
کیت رنگ مو,https://www.khanoumi.com/products/zi-fam-hair-color-kit-28772,"این محصول عالی است و اصلا حساسیت ایجاد نمی کند؛
خانومی لطفا شماره 5 را موجود کنید.",0,true,2024-10-14T14:16:07.5261315+00:00,مثبت,0.79,محصول | اصل بودن کالا,محصول
کیت رنگ مو,https://www.khanoumi.com/products/zi-fam-hair-color-kit-28772,عالیه این ولی مقدار کمه برای موها که بلند دوتا باید بگیرید ,0,true,2024-09-27T12:53:57+00:00,مثبت,0.79,محصول,محصول
کیت رنگ مو,https://www.khanoumi.com/products/zi-fam-hair-color-kit-28772,دوستان من اولین باره میخوام تو خونه خودم موهامو رنگساژ کنم، اومدم کیت رنگ مو بخرم. میبینم رنگشو نوشته بلوند بنفش طلایی ولی اون چیزی که میبینم قهوه ای فندوقی ئه! داستان چیه؟؟ من چطوری رنگ موی مورد نظرم رو پیدا کنم؟؟,0,false,2024-03-02T17:38:32+00:00,خنثی,0.35,محصول,محصول
کیت رنگ مو,https://www.khanoumi.com/products/zi-fam-hair-color-kit-28772,رنگ مو رو با توجه به نظرات دوستان خریدم ولی اصلا سفیدی موها رو نپوشوند ,0,true,2023-10-21T11:08:22+00:00,مثبت,0.67,محصول | اصل بودن کالا,محصول
کیت رنگ مو,https://www.khanoumi.com/products/zi-fam-hair-color-kit-28772,شماره 6.8 موکا تیره رو موجود کنید لطفا,1,true,2023-07-16T00:55:11+00:00,خنثی,0.35,محصول,محصول
کیت رنگ مو,https://www.khanoumi.com/products/zi-fam-hair-color-kit-28772,رنگ موی خوبیه فقط مقدارش کمه من همش ازش استفاده میکنم,0,true,2023-04-01T18:14:04+00:00,مثبت,0.67,محصول,محصول
کیت رنگ مو,https://www.khanoumi.com/products/zi-fam-hair-color-kit-28772,"رنگ مو فوق العاده بود.بسیار نرم و درخشان کرد موهامو
",1,true,2022-09-03T07:45:31+00:00,مثبت,0.67,محصول,محصول
کیت رنگ مو,https://www.khanoumi.com/products/zi-fam-hair-color-kit-28772,این رنگ مو فوق العاده است .حتی بهتر از رنگ موهای خارجی ,8,true,2022-08-30T10:34:03+00:00,مثبت,0.67,محصول,محصول
اسپری ضدعفونی کننده دست فاقد الکل 50میل,https://www.khanoumi.com/products/silvosept-hand-antiseptic-spray-50ml-28773,دوستان این محصول با استفاده از تکنولوژی نانو تولید شده که فاقد الکل بوده ولی کارایی اون مشابه محلولهای دارای الکل بوده لذا بوی تند الکل رو هم نداره.سپاس ,6,false,2020-03-24T14:21:31+00:00,منفی,0.67,محصول,محصول
شامپو موی دارای ریزش 250میل,https://www.khanoumi.com/products/zi-moi-hair-fall-rescue-shampoo-250ml-28774,شامپو های زی موی با کیفیت وبا قیمت مناسبی هستند لطفاً موجود کنید,0,true,2024-10-20T07:30:07.3638957+00:00,خنثی,0.35,محصول | قیمت,محصول
شامپو موی دارای ریزش 250میل,https://www.khanoumi.com/products/zi-moi-hair-fall-rescue-shampoo-250ml-28774,خیلی شامپو خوبیه.هم موهارو نرم میکنه و هم خوب تمیز میکنه.من موهام فره و هر شامپویی بهش نمیسازه ولی این خیلی خوبه.ریزش موهارم کم میکنه.بعدش اگه نرم کننده هم نزنی موهات نرم میمونه,0,true,2024-05-03T13:19:10+00:00,مثبت,0.95,محصول,محصول
شامپو موی دارای ریزش 250میل,https://www.khanoumi.com/products/zi-moi-hair-fall-rescue-shampoo-250ml-28774,شامپو خیلی خوبیه این دومین باره میخرم ازش راضیم,10,true,2020-06-20T16:33:19+00:00,مثبت,0.95,محصول,محصول
ماسک مو دارای ریزش 200 میل,https://www.khanoumi.com/products/zi-moi-hair-fall-rescue-mask-200ml-28776,من موهای خشک و آسیب دیدهای دارم، از این ماسک استفاده کردم و راضی بودم، الان مجدد شارژ کردم,1,false,2023-03-24T07:25:15+00:00,مثبت,0.67,محصول,محصول
شامپو مو آسیب دیده و شکننده 250 میل,https://www.khanoumi.com/products/zi-moi-damaged-and-split-hair-shampoo-250ml-28777,من موی بسیار خشک و فر دارم و این شامپو رو خیلی دوست داشتم و موهامو نرم میکنه بدون باز کردن فر موهام.,0,true,2022-06-05T12:48:10+00:00,ترکیبی,0.66,محصول,محصول
شامپو مو آسیب دیده و شکننده 250 میل,https://www.khanoumi.com/products/zi-moi-damaged-and-split-hair-shampoo-250ml-28777,استفاده کردم به نظرم کیفیت خوبی نداره,2,false,2020-06-01T01:38:10+00:00,منفی,0.79,محصول,محصول
نرم کننده مو آسیب دیده و شکننده 250 میل,https://www.khanoumi.com/products/zi-moi-damaged-and-split-hair-conditioner-250ml-28778,"عالی عالی عالی 
یه نرم کننده واقعی عاشقشم",1,true,2022-05-03T21:06:29+00:00,مثبت,0.95,سایر,سایر
شامپو موی چرب 250 میل,https://www.khanoumi.com/products/zi-moi-oily-hair-shampoo-250ml-28780,من اصلا راضی نبودم به شدت باعث ریزش شد هم برای موی چرب هم برای موی خشکشو گرفتم جفتمون دچار ریزش شدید شدیم,10,false,2020-06-03T21:58:46+00:00,منفی,0.79,محصول | اصل بودن کالا,اصل بودن کالا
ماسک موی چرب 200 میل,https://www.khanoumi.com/products/zi-moi-oily-hair-mask-200ml-28781,هیچ تاثیرخاصی نداره,0,true,2024-03-17T22:43:10+00:00,خنثی,0.35,سایر,سایر
ماسک موی چرب 200 میل,https://www.khanoumi.com/products/zi-moi-oily-hair-mask-200ml-28781,برای من که موهام چربه خیلی خوب بود اصلا نوهارو چرب نمیکرد,5,true,2020-10-21T10:16:03+00:00,مثبت,0.95,محصول | اصل بودن کالا,محصول
شامپو مو خشک و وز 250 میل,https://www.khanoumi.com/products/zi-moi-dry-and-frizzy-hair-shampoo-250ml-28782,عالیه موهای همسرم همیشه شوره میزد و وز بود با این شامپو مشکلش حل شد لطفا دوباره موجودش کنید,0,true,2025-03-05T21:11:37.4426951+00:00,مثبت,0.79,محصول,محصول
شامپو مو خشک و وز 250 میل,https://www.khanoumi.com/products/zi-moi-dry-and-frizzy-hair-shampoo-250ml-28782,لطفا موجود کنین... شامپو خوبیه بدون اینکه مثل نرم کننده مو رو ضعیف و نازک کنه موها رو لخت میکنه انگار کراتین ریختی تو سرت‌ .. خیلی دوسش دارم,0,false,2024-10-10T00:24:00.2513062+00:00,ترکیبی,0.74,محصول,محصول
شامپو مو خشک و وز 250 میل,https://www.khanoumi.com/products/zi-moi-dry-and-frizzy-hair-shampoo-250ml-28782,عالیه!!من موهام خیلی خشکه،،،این شامپو عالی بود,0,true,2024-05-31T22:22:47+00:00,مثبت,0.95,محصول,محصول
شامپو مو خشک و وز 250 میل,https://www.khanoumi.com/products/zi-moi-dry-and-frizzy-hair-shampoo-250ml-28782,لطفا مخصوص موی خشک رو هم با 50 در صد تخفیف بذارید من میخوام خرید کنم,0,false,2024-02-08T11:45:42+00:00,خنثی,0.35,محصول | قیمت,محصول
شامپو مو خشک و وز 250 میل,https://www.khanoumi.com/products/zi-moi-dry-and-frizzy-hair-shampoo-250ml-28782,عالی است ,0,false,2022-09-21T21:12:35+00:00,مثبت,0.67,سایر,سایر
ماسک مو خشک و وز 200 میل,https://www.khanoumi.com/products/zi-moi-dry-and-frizzy-hair-mask-200ml-28784,نسبت ب قیمتش عالیه,0,false,2023-04-14T22:06:20+00:00,مثبت,0.79,قیمت,قیمت
ماسک مو خشک و وز 200 میل,https://www.khanoumi.com/products/zi-moi-dry-and-frizzy-hair-mask-200ml-28784,خیلی از‌ماسک ‌مو راضی‌ام,5,false,2020-06-06T18:03:30+00:00,مثبت,0.67,محصول,محصول
شامپو مو معمولی 250 میل,https://www.khanoumi.com/products/zi-moi-normal-hair-shampoo-250ml-28785,جنس موهای من فر و وز هست و این شامپو خیلی کار خاصی برام نکرد، یه شامپو معمولیه، نباید ازش توقع معجزه داشت,0,true,2024-09-18T12:02:16+00:00,خنثی,0.35,محصول,محصول
شامپو مو معمولی 250 میل,https://www.khanoumi.com/products/zi-moi-normal-hair-shampoo-250ml-28785,"بوی ملایم خوشایندی داره 
حالت پذیری موهارو بهتر میکنه
نسبت به سایر شامپو ها، رقیق هست و دو برابر مقدار معمول ازش استفاده میکنم تا کف کنه


",0,true,2024-08-26T16:23:22+00:00,خنثی,0.35,محصول,محصول
شامپو مو معمولی 250 میل,https://www.khanoumi.com/products/zi-moi-normal-hair-shampoo-250ml-28785,خوب بود..من راضی بودم علاوه بر معمولی بودن شامپو نرم کنندگی خاصی هم داره,0,true,2024-08-10T17:09:17+00:00,مثبت,0.91,محصول,محصول
شامپو مو معمولی 250 میل,https://www.khanoumi.com/products/zi-moi-normal-hair-shampoo-250ml-28785,نرم کنندگی نسبتاً بالایی داره با کف مناسب,0,true,2024-06-30T12:22:52+00:00,خنثی,0.35,سایر,سایر
شامپو مو معمولی 250 میل,https://www.khanoumi.com/products/zi-moi-normal-hair-shampoo-250ml-28785,شبیه مایع دستشویی کرمدار که پوست دست رو لطیف میکنه، این شامپو هم موها رو لطیف میکنه. برای نرم کنندگی موهای فر رضایت بخشه ,0,true,2024-04-05T16:38:19+00:00,خنثی,0.35,محصول,محصول
شامپو مو معمولی 250 میل,https://www.khanoumi.com/products/zi-moi-normal-hair-shampoo-250ml-28785,"خیلی خیلی عالیه،با این قیمت کم واقعا انتظار همچین کیفیتی رو نداشتم،فوق العادهس🤗
 موهارو عین ابریشم میکنه،قطعا دوباره شارژش میکنم👌",0,true,2023-09-26T14:52:12+00:00,مثبت,0.67,محصول | قیمت,محصول
ماسک مو معمولی 200 میل,https://www.khanoumi.com/products/zi-moi-normal-hair-mask-200ml-28787,فقط نرم کرد موهامو همین,1,false,2023-06-19T10:19:27.5666667+00:00,خنثی,0.35,محصول,محصول
شامپو مو رنگ شده 250 میل,https://www.khanoumi.com/products/zi-moi-colored-hair-shampoo-250ml-28788,"کاملا یه شامپو معمولیه و نباید ازش انتظاره معجزه داشت.
تو تخفیف ارزش خرید داره",0,true,2024-09-18T12:07:03+00:00,مثبت,0.67,محصول | قیمت,محصول
شامپو مو رنگ شده 250 میل,https://www.khanoumi.com/products/zi-moi-colored-hair-shampoo-250ml-28788,به عنوان اشانتیون برام اومد . کیفیت معمولی داشت . البته نسبت به قیمتش میشه گفت خوبه .,0,true,2024-08-15T00:15:12+00:00,مثبت,0.79,محصول | قیمت,محصول
شامپو مو رنگ شده 250 میل,https://www.khanoumi.com/products/zi-moi-colored-hair-shampoo-250ml-28788,اصلأ خوب نیود من موهامو دکلره کردم کامل وز وز شد,0,true,2024-08-12T15:41:33+00:00,مثبت,0.79,محصول | اصل بودن کالا,محصول
شامپو مو رنگ شده 250 میل,https://www.khanoumi.com/products/zi-moi-colored-hair-shampoo-250ml-28788,شامپوهای بسیار خوبی هستن نسبت به هزینهایی که میپردازید. ممنونم از خانومی,0,false,2024-08-08T11:35:44+00:00,مثبت,0.79,محصول | قیمت,محصول
شامپو مو رنگ شده 250 میل,https://www.khanoumi.com/products/zi-moi-colored-hair-shampoo-250ml-28788,واقعا شامپو خیلی خوبی هست. هم رنگ رو دیر پاک میکنه و هم مو ها رو واقعا نرم میکنه و دیگه نیازی به نرم کننده و ماسک مو هم نیست,0,true,2024-01-27T14:04:20+00:00,مثبت,0.79,محصول,محصول
شامپو مو رنگ شده 250 میل,https://www.khanoumi.com/products/zi-moi-colored-hair-shampoo-250ml-28788,فاقد سولفات هم هست برای موی کراتین یا پروتین شده مناسبه؟ ,0,true,2024-01-16T10:52:02+00:00,خنثی,0.35,محصول,محصول
شامپو مو رنگ شده 250 میل,https://www.khanoumi.com/products/zi-moi-colored-hair-shampoo-250ml-28788,هم بوی خوبی داره هم یه ذره ازش استفاده کنی کلی کف میکنه از خریدم راضیم. مرسی خانومی,0,true,2024-01-07T19:19:07+00:00,مثبت,0.95,محصول,محصول
شامپو مو رنگ شده 250 میل,https://www.khanoumi.com/products/zi-moi-colored-hair-shampoo-250ml-28788,خیلی خوبه من راضیم فقط اگه میشه بازم تخفیف بزارید ,0,true,2023-10-10T12:38:15+00:00,مثبت,0.95,قیمت,قیمت
شامپو مو رنگ شده 250 میل,https://www.khanoumi.com/products/zi-moi-colored-hair-shampoo-250ml-28788,این شامپو طبق رای دوستان خریدم یکبار بعد از رنگ کردن استفاده کردم راضی بودم چون اول رنگ مو پاک نکرد و بوی خوبی هم داره و حجم شامپو هم نسبت به قیمتش عالی هست ,0,true,2023-09-04T15:45:31+00:00,مثبت,0.91,محصول | قیمت,محصول
شامپو مو رنگ شده 250 میل,https://www.khanoumi.com/products/zi-moi-colored-hair-shampoo-250ml-28788,بوی خیلی خوبی داره راضی بودم✨,1,false,2022-12-28T14:46:02+00:00,مثبت,0.91,محصول,محصول
شامپو مو رنگ شده 250 میل,https://www.khanoumi.com/products/zi-moi-colored-hair-shampoo-250ml-28788,از خریدش راضیم کاش دوباره موجودش کنید,1,false,2022-12-26T16:15:58+00:00,مثبت,0.79,محصول,محصول
ماسک مو رنگ شده 200 میل,https://www.khanoumi.com/products/zi-moi-colored-hair-mask-200ml-28790,رنگ مو رو تثبیت میکنه و ایجاد نرمی و لطافت در اون میشه. بعد از استفاده رنگ موها کدر نمیشه و در کل گزینه خوبی برای افرادیه که موهای رنگ شده دارن,1,false,2023-01-04T08:36:57+00:00,مثبت,0.67,محصول,محصول
ماسک مو رنگ شده 200 میل,https://www.khanoumi.com/products/zi-moi-colored-hair-mask-200ml-28790,این ماسک مو رو دارم و راضیم موهامو نرم میکنه,1,true,2022-12-02T04:06:38+00:00,مثبت,0.79,محصول,محصول
اسپری ضدعفونی کننده 250 میل بر پایه الکل 76 درصد,https://www.khanoumi.com/products/ricardo-disinfectant-spray-300ml-28791,به شدت بوی بدی داره و نتونستم تحمل کنم.,10,true,2020-04-16T16:01:30+00:00,منفی,0.67,محصول,محصول
اسپری ضدعفونی کننده 250 میل بر پایه الکل 76 درصد,https://www.khanoumi.com/products/ricardo-disinfectant-spray-300ml-28791,برای استفاده از سطوح عالیه همونطوری که توعکس میبینین تاریخ انقضا همداره,5,true,2020-04-05T23:23:33+00:00,مثبت,0.79,محصول,محصول
اسپری ضدعفونی کننده 250 میل بر پایه الکل 76 درصد,https://www.khanoumi.com/products/ricardo-disinfectant-spray-300ml-28791,عالی بود من از این محصول راضی هستم ,6,true,2020-04-04T13:03:05+00:00,مثبت,0.91,محصول,محصول
اسپری ضدعفونی کننده 250 میل بر پایه الکل 76 درصد,https://www.khanoumi.com/products/ricardo-disinfectant-spray-300ml-28791,سلام امروز ب دستم رسید خیلییییی شدتش زیاده..مقدارش زیاده الکلشم خوبه واقعا ولی به درد دست نمیخوره به نظرم ..ولی واسه سطح عالیه هم پخش خوبی داره هم غلظت خوب,5,true,2020-03-29T00:21:10+00:00,مثبت,0.95,تحویل و ارسال,تحویل و ارسال
اسپری ضدعفونی کننده 250 میل بر پایه الکل 76 درصد,https://www.khanoumi.com/products/ricardo-disinfectant-spray-300ml-28791,نشان سیب سلامت داره.آدرس وشماره تلفن کارخانه وتاریخ تولید وانقضا داره و بسیار با کیفیته.ممنون,1,true,2020-03-24T13:07:21+00:00,مثبت,0.67,محصول,محصول
اسپری ضدعفونی کننده 250 میل بر پایه الکل 76 درصد,https://www.khanoumi.com/products/ricardo-disinfectant-spray-300ml-28791,سلام . ممنونم از شرکت خوب خانومی. لطفا پاسخ سوال بنده را بدهید . آیا اسپری ریکاردو گواهی سیب سلامت و تاییدهای بهداشتی را دازد؟ ممنونم,48,true,2020-03-14T23:31:25+00:00,ترکیبی,0.9,خدمات و پشتیبانی,خدمات و پشتیبانی
کرم ژل 72 ساعته آل این وان با عصاره زیتون 600 میل,https://www.khanoumi.com/products/umbrella-hydra-complex-olive-cream-gel-600ml-28792,من پوستم خیلی خشک بود.این محصول فوق العاده مرطوب کنندگی خوبی داره. چربی اضافی بر روی پوست باقی نمیزاره. حجمش هم نسبت به قیمت اش خوبه. ,0,false,2022-12-05T16:22:58+00:00,مثبت,0.95,محصول | قیمت,محصول
کرم ژل 72 ساعته آل این وان با عصاره زیتون 600 میل,https://www.khanoumi.com/products/umbrella-hydra-complex-olive-cream-gel-600ml-28792,"برای پوست خشک خیلی خوبه 
خصوصا اویل پلاسش👌",0,false,2022-03-01T14:35:59+00:00,مثبت,0.91,محصول,محصول
کرم ژل 72 ساعته آل این وان با عصاره زیتون 600 میل,https://www.khanoumi.com/products/umbrella-hydra-complex-olive-cream-gel-600ml-28792,فوق العادست، زود جذب میشه، سبکه، پوست رو آبرسانی میکنه، حجمش هم زیاده,0,false,2021-07-01T00:44:28+00:00,خنثی,0.35,محصول,محصول
کرم ژل 72 ساعته آل این وان با عصاره زیتون 600 میل,https://www.khanoumi.com/products/umbrella-hydra-complex-olive-cream-gel-600ml-28792,من پوستم خیلی خشکه ولی این لوسیون واقعا آبرسانی و بوی خوبی داره.,3,false,2020-11-06T20:42:11+00:00,مثبت,0.67,محصول,محصول
کرم ژل 72 ساعته آل این وان با عصاره زیتون 600 میل,https://www.khanoumi.com/products/umbrella-hydra-complex-olive-cream-gel-600ml-28792,"عالیه. بوی خیلی خیلی خوبی داره.قدرت آبرسانی بالایی داره
دو ماهه استفاده میکنم لکهای روی پوستمو کمرنگ کرده",2,true,2020-09-30T03:11:17+00:00,مثبت,0.95,محصول,محصول
کرم ژل 72 ساعته آل این وان با عصاره زیتون 600 میل,https://www.khanoumi.com/products/umbrella-hydra-complex-olive-cream-gel-600ml-28792,بنظرم واقعا این محصول عالیه من قبلش از مرطوب کننده اناناس کامان استفاده میکردم ولی این واقعا منو بیشتر راضی کرد❤,2,false,2020-08-15T03:11:45+00:00,مثبت,0.91,محصول,محصول
کرم ژل 72 ساعته آل این وان با عصاره انجیر 600 میل,https://www.khanoumi.com/products/umbrella-hydra-complex-fig-cream-gel-600ml-28793,خیلی سریع جذب میشه و حس خوبی میده ,3,true,2020-06-30T20:44:50+00:00,مثبت,0.67,سایر,سایر
کرم ژل 72 ساعته آل این وان با عصاره عسل 600 میل,https://www.khanoumi.com/products/umbrella-hydra-complex-honey-cream-gel-600ml-28794,این کرم ژل خیلی به صرفه است و حجم زیادی داره. خیلی طول میکشه تا تموم بشه  و ماه ها میشه ازش استفاده کرد. با توجه به حجمش قیمت خیلی مناسبی داره. کاملا پوست و آبرسانی میکنه و برای پوست های چرب هم خوبه. باعث جوش نمیشه. اگر پوست خشکی دارید یه لایه ضخیم ازش بزنید و مداوم استفاده کنید کاملا خشکی پوست و برطرف میکنه.,0,false,2022-10-23T14:27:27+00:00,مثبت,0.79,محصول | قیمت,محصول
کرم ژل 72 ساعته آل این وان با عصاره عسل 600 میل,https://www.khanoumi.com/products/umbrella-hydra-complex-honey-cream-gel-600ml-28794,"کیفیت متوسطی داره ولی در مقایسه با حجمش به صرفه است
و یه ایرادی که داره اینه که همه‌شون یه رایحن و بوی زیاد جالبی نمیده ",1,false,2020-10-11T15:47:23+00:00,خنثی,0.35,محصول,محصول
کرم ژل 72 ساعته آل این وان با عصاره انار  600 میل,https://www.khanoumi.com/products/umbrella-hydra-complex-pomegranate-cream-gel-600ml-28795,سلام این محصول رو شارژ نمیکنین؟ خیلی وقته منتظرم شارژ بشه,0,false,2023-06-11T01:55:23+00:00,خنثی,0.35,محصول,محصول
کرم ژل 72 ساعته آل این وان با عصاره انار  600 میل,https://www.khanoumi.com/products/umbrella-hydra-complex-pomegranate-cream-gel-600ml-28795,"جذب فوق العاده سریعی داره...و اصلا روی پوست حالت چرب نداره ....پوست رو کاملا باطراوت و شاداب میکنه...خیلی ازش راضی هستم در ضمن من پوستم چربه.
ولی عطر ورایحه خوب نداره",9,false,2020-05-12T21:03:59+00:00,مثبت,0.79,محصول | اصل بودن کالا,محصول
کرم ژل 72 ساعته آل این وان با عصاره انگور 600 میل,https://www.khanoumi.com/products/umbrella-hydra-complex-grape-cream-gel-600ml-28796,"🤦🏻‍♀️پوستمو خشک کرد ،اصلن مرطوب نمیکنه اصلن ابرسانی نمیکنه 
",2,false,2020-10-07T22:21:00+00:00,منفی,0.79,محصول | اصل بودن کالا,اصل بودن کالا
کرم ژل 72 ساعته آل این وان با عصاره انگور 600 میل,https://www.khanoumi.com/products/umbrella-hydra-complex-grape-cream-gel-600ml-28796,اصلا راضی نیستم نه مقطعی نه عمقی هیچکاری نمیکنه انگار آب زدی به دستت,1,true,2020-05-16T11:56:02+00:00,منفی,0.79,اصل بودن کالا,اصل بودن کالا
محلول ضد عفونی کننده دست 125 میل,https://www.khanoumi.com/products/kimiagaran-badreh-instant-disinfectant-solution-125ml-28797,خوب بود ... ,0,true,2020-04-03T14:06:21+00:00,مثبت,0.79,محصول,محصول
محلول ضد عفونی کننده دست 125 میل,https://www.khanoumi.com/products/kimiagaran-badreh-instant-disinfectant-solution-125ml-28797,محصول معتبر و دارای کیفیت خوبیه.ممنون,2,true,2020-03-24T13:58:38+00:00,مثبت,0.91,محصول,محصول
محلول ضد عفونی کننده دست 125 میل,https://www.khanoumi.com/products/kimiagaran-badreh-instant-disinfectant-solution-125ml-28797,تازه این محصول به دستم رسیده و این چند باری که ازش استفاده کردم پوست دستمو خشک نکرده و بوش هم ازار دهنده نیست،من هم برای ضدعفونی دست ها و هم برای سطوح و اشیا ازش استفاده میکنم,5,true,2020-03-16T15:32:39+00:00,خنثی,0.35,محصول | تحویل و ارسال,محصول
پک رنگ مو دودی و زیتونی,https://www.khanoumi.com/products/eskalim-hair-color-pack-28826,لطفا موجود کنید,0,false,2024-05-17T00:53:44+00:00,خنثی,0.35,محصول,محصول
ژل ضدعفونی کننده دست و سطوح 150 میل,https://www.khanoumi.com/products/shana-surface-and-hand-sanitizer-150ml-28836,بوی بدی داشت . اصلا با کیفیت نبود .,0,true,2020-08-12T01:31:00+00:00,ترکیبی,0.66,محصول | اصل بودن کالا,محصول
ژل ضدعفونی کننده دست و سطوح 150 میل,https://www.khanoumi.com/products/shana-surface-and-hand-sanitizer-150ml-28836,این ژل برای ضدعفونی کردن دست خیلی خیلی بهتر از محلول هستش چون کمترباعث خشکی دست میشه.,2,true,2020-04-05T23:26:31+00:00,خنثی,0.35,سایر,سایر
فوم شستشوی صورت,https://www.khanoumi.com/products/geno-biotic-sebugen-purifying-face-foam-150ml-28847,هم ضد جوشه و هم پوست رو خشک نمیکنه,0,true,2026-08-19T20:53:28.7414805+03:30,خنثی,0.35,محصول,محصول
فوم شستشوی صورت,https://www.khanoumi.com/products/geno-biotic-sebugen-purifying-face-foam-150ml-28847,هم پوست و کامل تمیز میکنه هم به خاطر ترکیبات خوبی که داره مثل عصاره یاس بنفش باعث میشه سد دفاعی پوست و خیلی خوب تقویت میکنه,0,false,2026-05-21T08:33:25.3963843+03:30,مثبت,0.91,محصول,محصول
فوم شستشوی صورت,https://www.khanoumi.com/products/geno-biotic-sebugen-purifying-face-foam-150ml-28847,حس خنکی میده بعد شستشو من دوسش داشتم,0,true,2025-11-28T11:54:27.2693147+03:30,خنثی,0.35,سایر,سایر
فوم شستشوی صورت,https://www.khanoumi.com/products/geno-biotic-sebugen-purifying-face-foam-150ml-28847,عالیه من چنساله ازش استفاده میکنم و راضیم,0,true,2025-09-05T11:10:22.9052647+03:30,مثبت,0.95,سایر,سایر
فوم شستشوی صورت,https://www.khanoumi.com/products/geno-biotic-sebugen-purifying-face-foam-150ml-28847,فوم شستشوی خوبی بود من مشکلی نداشتم باهاش,0,true,2025-07-29T10:58:29.8585446+00:00,مثبت,0.67,محصول,محصول
فوم شستشوی صورت,https://www.khanoumi.com/products/geno-biotic-sebugen-purifying-face-foam-150ml-28847,هم خوب پاک میکنه هم چربی و کنترل میکنه هم براقیت پوست و میگیره,0,false,2025-04-16T05:08:56.7963679+00:00,مثبت,0.67,محصول,محصول
فوم شستشوی صورت,https://www.khanoumi.com/products/geno-biotic-sebugen-purifying-face-foam-150ml-28847,برای پوستای چرب دهیدراته واقعا عالیه حس خشکی و کشیدگی اصلا نمیده و باعث جوش هم نشده,0,false,2025-03-13T17:19:56.2305375+00:00,مثبت,0.67,محصول | اصل بودن کالا,محصول
فوم شستشوی صورت,https://www.khanoumi.com/products/geno-biotic-sebugen-purifying-face-foam-150ml-28847,"اولش که زدم برون ریزی داشتم و دور دهان و بیتی رو خشک کرد، اما بهش زمان دادم و الان عالیههههه
بوی خوبی داره، از جوش جلوگیری میکنه، لک هارو کمرنگ میکنه
راضی ام و حتما شارژ می‌کنم",0,true,2025-02-26T06:09:14.832104+00:00,مثبت,0.95,محصول,محصول
فوم شستشوی صورت,https://www.khanoumi.com/products/geno-biotic-sebugen-purifying-face-foam-150ml-28847,فوم شستشوی عالی هست ، بعد شستشو صورتم خشک یا چرب نشد ، پوستم مختلط هست که با فوم شستشو بعدش حس شادابی داشتم,0,true,2025-01-20T10:56:24.7343946+00:00,مثبت,0.67,محصول,محصول
فوم شستشوی صورت,https://www.khanoumi.com/products/geno-biotic-sebugen-purifying-face-foam-150ml-28847,به خاطر عصاره لیمو و درخت چای که داره پوست و عالی میکنه,0,false,2024-12-22T20:50:35.6013355+00:00,مثبت,0.67,محصول,محصول
فوم شستشوی صورت,https://www.khanoumi.com/products/geno-biotic-sebugen-purifying-face-foam-150ml-28847,عالیه من پوست چرب و حساسی دارم برای من باعث جوش نشد,0,false,2024-12-12T19:28:53.0980662+00:00,مثبت,0.79,محصول,محصول
فوم شستشوی صورت,https://www.khanoumi.com/products/geno-biotic-sebugen-purifying-face-foam-150ml-28847,کیفیت خوبی داره و تاثیرش عالیه و چربی پوست کنترل میکنه,0,false,2024-11-14T16:36:32.015612+00:00,مثبت,0.95,محصول,محصول
فوم شستشوی صورت,https://www.khanoumi.com/products/geno-biotic-sebugen-purifying-face-foam-150ml-28847,عالیه من پوست چرب و حساسی دارم برای من باعث جوش نشد,0,false,2024-07-10T10:57:30+00:00,مثبت,0.79,محصول,محصول
فوم شستشوی صورت,https://www.khanoumi.com/products/geno-biotic-sebugen-purifying-face-foam-150ml-28847,این محصول عالیه من که باهاش حال کردم ,0,true,2024-07-02T01:12:40+00:00,مثبت,0.79,محصول,محصول
فوم شستشوی صورت,https://www.khanoumi.com/products/geno-biotic-sebugen-purifying-face-foam-150ml-28847,من طبق نظرات مثبت خریدم دیروز به دستم رسید و دوبار استفاده کردم ولی جوش جدید زدم امیدوارم اولش باشه و زود رفع بشه یا جوش ها علت دیگه ای داشته باشن نه این فوم وگرنه شکست عمیقی میخورم ,0,false,2024-05-02T19:04:16+00:00,خنثی,0.35,تحویل و ارسال,تحویل و ارسال
فوم شستشوی صورت,https://www.khanoumi.com/products/geno-biotic-sebugen-purifying-face-foam-150ml-28847,پوستم رو خیلی عالی تمیز میکنه چربی پوستم کنترل شده ومانع جوش زدن پوستم بیشه خیلی عالی هست,0,false,2024-04-27T21:39:21+00:00,مثبت,0.79,محصول,محصول
فوم شستشوی صورت,https://www.khanoumi.com/products/geno-biotic-sebugen-purifying-face-foam-150ml-28847,تخفیف بیشتر بزارید براش,0,false,2024-04-24T01:04:09+00:00,خنثی,0.35,قیمت,قیمت
فوم شستشوی صورت,https://www.khanoumi.com/products/geno-biotic-sebugen-purifying-face-foam-150ml-28847,چربی پوستم رو تنظیم کرده واز جوش زدن پوستم جلوگیری میکنه ,0,false,2024-04-02T18:32:24+00:00,خنثی,0.35,محصول,محصول
فوم شستشوی صورت,https://www.khanoumi.com/products/geno-biotic-sebugen-purifying-face-foam-150ml-28847,پاک کنندگی عالی اصلا خشک نمیکنه پوستو جوش جدید نمیزنید ژل ضد جوشش هم عالیه تو مدت کم جوش از بین میبره پوست من مختلطه جز شوینده هایی ک همیشه کنار بقیه شوینده هام دارمش,0,true,2024-03-12T12:38:58+00:00,مثبت,0.79,محصول | اصل بودن کالا,محصول
فوم شستشوی صورت,https://www.khanoumi.com/products/geno-biotic-sebugen-purifying-face-foam-150ml-28847,چربی پوستم رو کنترل کرده براقیت پوستم رو رفع کرده وپوستم رو خیلی خوب تمیز میکنه واز جوش زدن پوستم جلوگیری میکنه,0,false,2024-03-03T22:00:39+00:00,مثبت,0.79,محصول,محصول
فوم شستشوی صورت,https://www.khanoumi.com/products/geno-biotic-sebugen-purifying-face-foam-150ml-28847,پاک کننده عالی هست چربی پوستم رو کنترل میکنه واز جوش زدن پوستم جلوگیری میکنه,0,false,2024-02-24T19:22:29+00:00,مثبت,0.67,محصول,محصول
فوم شستشوی صورت,https://www.khanoumi.com/products/geno-biotic-sebugen-purifying-face-foam-150ml-28847,پوستم رو خیلی خوب تمیز کرده وچربی پوستم رو کم کرده وجوش های پوستم رو خیلی عالی خشک کرده ,0,false,2024-02-12T23:50:58+00:00,مثبت,0.91,محصول,محصول
فوم شستشوی صورت,https://www.khanoumi.com/products/geno-biotic-sebugen-purifying-face-foam-150ml-28847,پوستم رو خیلی خوب تمیز کرده وچربی پوستم رو کم میکنه واز جوش زدن پوستم جلوگیری میکنه,0,false,2024-01-29T00:13:57+00:00,مثبت,0.79,محصول,محصول
فوم شستشوی صورت,https://www.khanoumi.com/products/geno-biotic-sebugen-purifying-face-foam-150ml-28847,پاک کنندگی خیلی عالی داره چربی پوستم رو کم کرده واز جکش زدن پوستم جلوگیری میکنه,0,false,2024-01-04T16:51:13+00:00,مثبت,0.67,محصول,محصول
فوم شستشوی صورت,https://www.khanoumi.com/products/geno-biotic-sebugen-purifying-face-foam-150ml-28847,من پوستم خشکه و این محصول با اینکه کنترل کننده چربی پوست، ولی عالیه، کاملا پوست رو تمیز میکنه,0,true,2024-01-01T08:03:54+00:00,مثبت,0.79,محصول,محصول
فوم شستشوی صورت,https://www.khanoumi.com/products/geno-biotic-sebugen-purifying-face-foam-150ml-28847,پوستم رو خیلی خوب تمیز میکنه وهز جوش زدن پوستم جلوگیری میکنه,0,false,2023-12-30T20:08:07+00:00,مثبت,0.79,محصول,محصول
فوم شستشوی صورت,https://www.khanoumi.com/products/geno-biotic-sebugen-purifying-face-foam-150ml-28847,پوست صورتم رو خیلی خوب تمیز میکنه وباعث شادابی پوستم میشه,0,false,2023-12-24T10:07:46+00:00,مثبت,0.79,محصول,محصول
فوم شستشوی صورت,https://www.khanoumi.com/products/geno-biotic-sebugen-purifying-face-foam-150ml-28847,توی خریدش اصلللااا شک نکنید خیلییی خوبه جوشارو کلا محو میکنه چربی صورت و کنترل میکنه عالیه,0,false,2023-11-07T21:05:49+00:00,مثبت,0.95,اصل بودن کالا,اصل بودن کالا
فوم شستشوی صورت,https://www.khanoumi.com/products/geno-biotic-sebugen-purifying-face-foam-150ml-28847,پوست رو تمیز و شفاف میکنه از جوش زدن جلوگیری میکنه,0,false,2023-11-02T23:52:07+00:00,خنثی,0.35,محصول,محصول
فوم شستشوی صورت,https://www.khanoumi.com/products/geno-biotic-sebugen-purifying-face-foam-150ml-28847,با این فوم من نه جوش زدم نه اکنه، مناسب شستشوی روزانه پوست هم هست ,0,false,2023-08-21T21:09:28+00:00,خنثی,0.35,محصول,محصول
فوم شستشوی صورت,https://www.khanoumi.com/products/geno-biotic-sebugen-purifying-face-foam-150ml-28847,این فوم فوق العادست توی خریدش شک نکنید.,1,true,2023-07-12T14:41:25+00:00,خنثی,0.35,سایر,سایر
فوم شستشوی صورت,https://www.khanoumi.com/products/geno-biotic-sebugen-purifying-face-foam-150ml-28847,هم خوب پاک میکنه هم چربی و کنترل میکنه هم براقیت پوست و میگیره,0,false,2023-06-28T23:58:15+00:00,مثبت,0.67,محصول,محصول
فوم شستشوی صورت,https://www.khanoumi.com/products/geno-biotic-sebugen-purifying-face-foam-150ml-28847,عالیه,0,false,2023-06-17T01:09:53+00:00,مثبت,0.79,سایر,سایر
فوم شستشوی صورت,https://www.khanoumi.com/products/geno-biotic-sebugen-purifying-face-foam-150ml-28847,من تا حالا دو بار از این محصول استفاده کردم بنظرم  فقط این فوم شستشو تونسته چربی پوستمو کنترل کنه و کرم و ارایش رو خیلی خوب پاک کنه، واقعا راضیم ازش و از این به بعد هم فقط از این فوم میخوام تهیه کنم👌🏼❤️,0,true,2023-06-07T10:23:20+00:00,مثبت,0.95,محصول,محصول
فوم شستشوی صورت,https://www.khanoumi.com/products/geno-biotic-sebugen-purifying-face-foam-150ml-28847,من با این فوم ضد جوش به صورتم نساخت ولی ابی گرفتم واقعا عالیه و پوست شفاف میکنه,0,false,2023-05-01T10:26:57+00:00,مثبت,0.79,محصول,محصول
فوم شستشوی صورت,https://www.khanoumi.com/products/geno-biotic-sebugen-purifying-face-foam-150ml-28847,میتونم بگم بهترین فوم دنیاست از نظر بو و کارایی ولی متاسفانه من از شرکت خود ژنو و سایت خانومی که سفارش دادم هر دو سر پمپیشون خرابه و این محصوله بی ارزش می کنه,3,true,2023-04-23T22:33:34+00:00,ترکیبی,0.71,محصول,محصول
فوم شستشوی صورت,https://www.khanoumi.com/products/geno-biotic-sebugen-purifying-face-foam-150ml-28847,محصول خوبیه البتن من از فوم ابی خیلی بیشتر راضی بودم با این فوم صورتم جوش زد ,1,false,2023-03-08T12:01:56+00:00,مثبت,0.79,محصول,محصول
فوم شستشوی صورت,https://www.khanoumi.com/products/geno-biotic-sebugen-purifying-face-foam-150ml-28847,پوستم مختلطه چند روزه که دارم استفاده میکنم تا الان که خیلی راضی بودم پوستم رو خشک نمیکنه جوش هامو بسته و رایحه دوست داشتنی هم داره لطفا زود به زود توی سایت شارژش کنید,2,false,2023-02-02T16:45:24+00:00,مثبت,0.67,محصول | تحویل و ارسال,محصول
فوم شستشوی صورت,https://www.khanoumi.com/products/geno-biotic-sebugen-purifying-face-foam-150ml-28847,شوینده خوبیه جوشنمیزنه ,0,false,2023-01-26T21:24:43+00:00,منفی,0.67,سایر,سایر
فوم شستشوی صورت,https://www.khanoumi.com/products/geno-biotic-sebugen-purifying-face-foam-150ml-28847,شوینده خوبیه حساسیت نمیده ,0,false,2023-01-16T12:04:49+00:00,مثبت,0.67,سایر,سایر
فوم شستشوی صورت,https://www.khanoumi.com/products/geno-biotic-sebugen-purifying-face-foam-150ml-28847,محصول خوبیه خوب تمیزمیکنه بافت خوبی داره جوش هم نمیزنه پوستم با این محصول,3,false,2022-11-09T14:41:24+00:00,مثبت,0.91,محصول,محصول
فوم شستشوی صورت,https://www.khanoumi.com/products/geno-biotic-sebugen-purifying-face-foam-150ml-28847,"من پوستم چربه و اجبارا به پیشنهاد داروخونه جایگزین فومی که دکتر برام نوشت و پیدا نبود گرفتم و اصلا راضی نیستم!!
منافر پوست رو انگار میبنده و چربی پشت پوست صورت جمع میشه",3,false,2022-11-05T23:36:45+00:00,منفی,0.67,محصول | اصل بودن کالا,اصل بودن کالا
فوم شستشوی صورت,https://www.khanoumi.com/products/geno-biotic-sebugen-purifying-face-foam-150ml-28847,بافت خیلی خوبی داره پوست رونرممیکنه وخوب تمیز میکنه اصلا باعثجش همنمیشه,3,false,2022-10-22T20:51:49+00:00,مثبت,0.95,محصول | اصل بودن کالا,محصول
فوم شستشوی صورت,https://www.khanoumi.com/products/geno-biotic-sebugen-purifying-face-foam-150ml-28847,بهتریننن شوینده ای هست که تاحالا داشتم واقعا جوش رو خشک میکنه ،یه حس خنکی به پوست میده ،خیلییییی خوب پوست رو تمیز میکنه واقعا در حدیه که پوست از تمیزی برق میزنه و اینکه تا 3 4 ماه هم میمونه,0,true,2022-10-12T19:01:48+00:00,مثبت,0.79,محصول,محصول
فوم شستشوی صورت,https://www.khanoumi.com/products/geno-biotic-sebugen-purifying-face-foam-150ml-28847,این فوم شستشو یک محصول عالی برای پاک کردن آرایش بود. به راحتی تمامی آرایش صورت رو پاک کرد و اصلی رد و نشونی از اون باقی نذاشت. این فوم به راحتی از پوست من لایه برداری کرد و بعد از خشک کردن پوستم متوجه روشن شدن چند درجه از پوستم شدم. یک نکته مثبت دیگه که این فوم داشت، این بود که پوست صورت رو اصلا خشک نکرد. به عنوان یک محصوص شستشوی روزانه پیشنهاد می‌کنم که حتما از این محصول استفاده کنید.,10,false,2022-05-18T08:46:28+00:00,مثبت,0.95,محصول | اصل بودن کالا,محصول
فوم شستشوی صورت,https://www.khanoumi.com/products/geno-biotic-sebugen-purifying-face-foam-150ml-28847,برای پوستای چرب دهیدراته واقعا عالیه حس خشکی و کشیدگی اصلا نمیده و باعث جوش هم نشده,4,true,2022-01-12T10:09:01+00:00,مثبت,0.67,محصول | اصل بودن کالا,محصول
فوم شستشوی صورت,https://www.khanoumi.com/products/geno-biotic-sebugen-purifying-face-foam-150ml-28847,"من پوستم مختلطه تی زونم چربه و گونه هام خشک این تنها فومی بود که بعد از شستشو گونه هام خشک نشد و اصلا احساس کشیدگی نداره قدرت پاک کنندگیشم خیلی خوبه
",16,true,2021-11-19T15:51:13+00:00,مثبت,0.79,محصول | اصل بودن کالا,محصول
فوم شستشوی صورت,https://www.khanoumi.com/products/geno-biotic-sebugen-purifying-face-foam-150ml-28847,پاکسازیش برای سلولهای مرده وچربی صورتم خیلی خوبه,9,false,2020-10-12T22:51:34+00:00,مثبت,0.91,سایر,سایر
فوم شستشوی صورت,https://www.khanoumi.com/products/geno-biotic-sebugen-purifying-face-foam-150ml-28847,فوم ژنو با وجود اینکه یه برند ایرانی هست ولی من ازش خیلی راضی ام کیفیتش اصلا تغییر نکرده,11,false,2020-04-26T14:00:04+00:00,مثبت,0.91,محصول | اصل بودن کالا,محصول
فوم شستشوی صورت,https://www.khanoumi.com/products/geno-biotic-sebugen-purifying-face-foam-150ml-28847,بالاترین کیفیت رو بین محصولات ایرانی داره و همیشه تکرارش میکنم ,8,false,2020-04-13T13:39:28+00:00,خنثی,0.35,محصول,محصول
فوم شستشوی صورت,https://www.khanoumi.com/products/geno-biotic-sebugen-purifying-face-foam-150ml-28847,من فوم شست وشوی ژنو رو استفاده میکنم واقعا عالیه هم صورتمو شادابتر کرده هم چربیشو خیلی خوب کنترل کرده واقعا ممنونم ازتون.۰,7,false,2020-03-30T15:41:51+00:00,مثبت,0.95,محصول,محصول
فوم شستشوی صورت,https://www.khanoumi.com/products/geno-biotic-sebugen-purifying-face-foam-150ml-28847,من از این فوم شستشوی صورت ژنو استفاده میکنم،خیلی ازش راضیم،صورتمو خشک نمیکنه،و جوشای صورتمم خیلی خوب شده واقعا خیلی فوق العاده س👌,2,false,2020-03-30T14:17:30+00:00,مثبت,0.95,محصول,محصول
فوم شستشوی صورت,https://www.khanoumi.com/products/geno-biotic-sebugen-purifying-face-foam-150ml-28847,"من این محصولو قبلا استفاده میکردم
پوستم چرب و مختلطه و جوش دار
خداوکیلی این فوم عالی بود. خیلی خیلی خوب بود. من هرچیزی بهم نمیسازه اینم دکتر بهم داد ک خیلی برام خوب بود
فقط بدیش اینه ک زود تموم میشه
گفتم نظرمو بگم شاید بدردتون خورد ",1,false,2020-03-29T21:06:30+00:00,مثبت,0.95,محصول,محصول
فوم شستشوی صورت,https://www.khanoumi.com/products/geno-biotic-sebugen-purifying-face-foam-150ml-28847,خواهرم این فوم را خریداری کرده وخیلی راضی بودچون این فوم چربی پوست را کنترل کرده,3,false,2020-03-25T12:25:51+00:00,مثبت,0.67,محصول,محصول
محلول ضد آکنه صورت و بدن,https://www.khanoumi.com/products/geno-biotic-anti-acne-lotion-for-face-and-body-100ml-28848,"هم برای صورت استفاده کردم و هم برای جوشای بدن واقعا عالیه 
خیلی راضی بودم.مرسی از خانومی 
لطفا موجودش کنید",0,true,2026-08-30T23:50:28.7455053+03:30,مثبت,0.91,محصول,محصول
محلول ضد آکنه صورت و بدن,https://www.khanoumi.com/products/geno-biotic-anti-acne-lotion-for-face-and-body-100ml-28848,عاشق این محصولم کاش زودتر شارژ بشه,0,false,2026-07-21T12:03:36.1073847+03:30,خنثی,0.35,محصول,محصول
محلول ضد آکنه صورت و بدن,https://www.khanoumi.com/products/geno-biotic-anti-acne-lotion-for-face-and-body-100ml-28848,من چند روزی هست از این محلول برای جوشای سر سیاه بینی استفاده کردم تا حدی منافذ رو از بین برد و جوشها رو کمتر کرد و همینطور جوشای زیر پوستی روی کتف و بدن که باعث کمتر شدنشون شد. در نهایت راضی بودم.,0,false,2026-04-05T12:33:14.5425746+03:30,ترکیبی,0.66,محصول,محصول
محلول ضد آکنه صورت و بدن,https://www.khanoumi.com/products/geno-biotic-anti-acne-lotion-for-face-and-body-100ml-28848,خدایی خوبه اثرش زوده ولی بعنوان مکمل خوبه و شامپو بدن تون هم باید مخصوص پوست جوشدار و چرب باشه حساسیت نمیاره بوی الکل میده حقیقتا ولی.جای جوش هم نسبتا زود برد خدایی.بااینکه من فقط برای اکنه بدن شامپو و اینو میزدم خوب زود برد.چربیم کنترل کرد.برای صورت ولی نمیدونم نزدم.,0,false,2026-03-21T18:06:52.0288703+03:30,ترکیبی,0.92,محصول,محصول
محلول ضد آکنه صورت و بدن,https://www.khanoumi.com/products/geno-biotic-anti-acne-lotion-for-face-and-body-100ml-28848,خوبه اثرش روی جوش کم مشخص و سریع و روی جوش زیاد تدریجی اما درکل خوبه روی جای جوش هم بد نیست,0,false,2026-03-18T11:41:14.8061781+03:30,مثبت,0.95,محصول,محصول
محلول ضد آکنه صورت و بدن,https://www.khanoumi.com/products/geno-biotic-anti-acne-lotion-for-face-and-body-100ml-28848,برای جوش عالیه و تو 10 روز تغییراتو میبینی...البته در کنارش رژیم غذایی و روتین پوستی برای کنترل جوش ها لازمه,0,true,2026-02-19T14:51:54.0732409+03:30,مثبت,0.79,محصول,محصول
محلول ضد آکنه صورت و بدن,https://www.khanoumi.com/products/geno-biotic-anti-acne-lotion-for-face-and-body-100ml-28848,برای  درمان جوش عالی عمل میکنه فقط تا رفع کامل جوش ها حتما ادامه بدید,0,false,2026-01-29T00:47:45.9069655+03:30,ترکیبی,0.66,سایر,سایر
محلول ضد آکنه صورت و بدن,https://www.khanoumi.com/products/geno-biotic-anti-acne-lotion-for-face-and-body-100ml-28848,عالیه حتی از کرم هم بهتر عمل میکنه,0,false,2026-01-29T00:47:27.2916363+03:30,مثبت,0.79,محصول,محصول
محلول ضد آکنه صورت و بدن,https://www.khanoumi.com/products/geno-biotic-anti-acne-lotion-for-face-and-body-100ml-28848,برای جوش بدن خیلی خوب کار کرد ولی برای جوش صورتم کار نکرد این محصول مناسب جوش بدن هست,0,false,2026-01-24T00:20:27.5074291+03:30,ترکیبی,0.87,محصول,محصول
محلول ضد آکنه صورت و بدن,https://www.khanoumi.com/products/geno-biotic-anti-acne-lotion-for-face-and-body-100ml-28848,من چندسال ازش برای جوش روی بازوهام استفاده کردم عالی من عاشقم چهار بار از داروخانه گرفتم,0,false,2026-01-08T21:01:37.4653261+03:30,مثبت,0.67,سایر,سایر
محلول ضد آکنه صورت و بدن,https://www.khanoumi.com/products/geno-biotic-anti-acne-lotion-for-face-and-body-100ml-28848,خیلی زود جوشهای کمرم رو صاف کرد و جای جوشها را کمرنگ کرد,0,false,2026-01-03T22:58:55.0054046+03:30,خنثی,0.35,محصول,محصول
محلول ضد آکنه صورت و بدن,https://www.khanoumi.com/products/geno-biotic-anti-acne-lotion-for-face-and-body-100ml-28848,عالیه برای جای جوش و خشک شدن خود جوش,0,true,2025-12-21T11:44:01.8260874+03:30,مثبت,0.79,سایر,سایر
محلول ضد آکنه صورت و بدن,https://www.khanoumi.com/products/geno-biotic-anti-acne-lotion-for-face-and-body-100ml-28848,این محلول ضد جوش ژنوبایوتیک رو باید رپی جوش های پشت و کمر بزنید عالیه,0,false,2025-11-04T22:54:08.6167212+03:30,مثبت,0.79,سایر,سایر
محلول ضد آکنه صورت و بدن,https://www.khanoumi.com/products/geno-biotic-anti-acne-lotion-for-face-and-body-100ml-28848,این سری که خریدم واقعا حجمش کمتر بود و زود تموم شد,0,true,2025-10-24T14:57:10.5919191+03:30,خنثی,0.35,محصول,محصول
محلول ضد آکنه صورت و بدن,https://www.khanoumi.com/products/geno-biotic-anti-acne-lotion-for-face-and-body-100ml-28848,برای جای جوش زیاد اثر نداره ده روزه استفاده میکنم روی لک جای جوش اثر نداشته ولی خود جوش چرا,0,true,2025-10-21T14:37:18.9967049+03:30,خنثی,0.35,محصول,محصول
محلول ضد آکنه صورت و بدن,https://www.khanoumi.com/products/geno-biotic-anti-acne-lotion-for-face-and-body-100ml-28848,عالیه پیشنهاد میکنم   از کرم بهتر بود,0,true,2025-09-26T20:47:29.3054353+03:30,مثبت,0.95,محصول,محصول
محلول ضد آکنه صورت و بدن,https://www.khanoumi.com/products/geno-biotic-anti-acne-lotion-for-face-and-body-100ml-28848,برای صورت هم استفاده میشه ؟,0,false,2025-09-22T14:55:44.7418984+03:30,خنثی,0.35,سایر,سایر
محلول ضد آکنه صورت و بدن,https://www.khanoumi.com/products/geno-biotic-anti-acne-lotion-for-face-and-body-100ml-28848,"قرار بود 3 روز پیش به دستم برسه و هنوز نرسیده 
پشتیبانی هم جوابی بهم نمیده",0,true,2025-09-07T18:01:11.654077+03:30,خنثی,0.35,خدمات و پشتیبانی | محصول | تحویل و ارسال,خدمات و پشتیبانی
محلول ضد آکنه صورت و بدن,https://www.khanoumi.com/products/geno-biotic-anti-acne-lotion-for-face-and-body-100ml-28848,"عالی عالی عالی دیگه جوش فعال نمیزنم و همینطور جای جوش هام کمرنگ کمرنگ شده
برای جوابدهی بیشتر با شامپو بدن سبوما آردن تهیه کنید و معجزه رو به چشم میبینید",0,true,2025-07-22T11:05:45.5801362+00:00,ترکیبی,0.9,محصول,محصول
محلول ضد آکنه صورت و بدن,https://www.khanoumi.com/products/geno-biotic-anti-acne-lotion-for-face-and-body-100ml-28848,من خیلی راضی بودم توروخدا فردا پس فردا شارژ کنید من میخوام خرید کنم,0,false,2025-07-17T20:19:15.6822183+00:00,مثبت,0.67,محصول,محصول
محلول ضد آکنه صورت و بدن,https://www.khanoumi.com/products/geno-biotic-anti-acne-lotion-for-face-and-body-100ml-28848,فوق العاده ست، فقط در کنارش مصرف شیرینی رو باید کنترل کرد نتیجه چند برابر میشه,0,true,2025-07-04T07:22:36.4741969+00:00,مثبت,0.67,محصول,محصول
محلول ضد آکنه صورت و بدن,https://www.khanoumi.com/products/geno-biotic-anti-acne-lotion-for-face-and-body-100ml-28848,برای کنترل چربی پوست و آکنه عالیه,0,false,2025-06-24T18:00:10.1657182+00:00,مثبت,0.79,محصول,محصول
محلول ضد آکنه صورت و بدن,https://www.khanoumi.com/products/geno-biotic-anti-acne-lotion-for-face-and-body-100ml-28848,لطفا با تخفیف موجودش کنید میخوام بخرمش,0,true,2025-06-19T15:42:29.0962049+00:00,خنثی,0.35,محصول | قیمت,محصول
محلول ضد آکنه صورت و بدن,https://www.khanoumi.com/products/geno-biotic-anti-acne-lotion-for-face-and-body-100ml-28848,اولش باعث برون ریزی پوست میشه ولی بعدش عالی میشه خاصیت آنتی باکتریال پوست و تقویت میکنه,0,false,2025-06-10T17:38:07.4111444+00:00,مثبت,0.67,محصول,محصول
محلول ضد آکنه صورت و بدن,https://www.khanoumi.com/products/geno-biotic-anti-acne-lotion-for-face-and-body-100ml-28848,این محصول برای بدن فوق العاده جوش های بدن کامل از بین میبره و اگر بعد از شیو هم ازش استفاده کنید مانع بروز جوش میشه عالیههه حتما پیشنهاد میشه,0,true,2025-05-19T10:09:02.1759904+00:00,ترکیبی,0.9,محصول,محصول
محلول ضد آکنه صورت و بدن,https://www.khanoumi.com/products/geno-biotic-anti-acne-lotion-for-face-and-body-100ml-28848,من طبق نظرات خریدم برای صورتم. 2 هفته هست استفاده میکنم و نشونه ای از بهبود هنوز ندیدم.,0,true,2025-04-28T22:31:57.1673764+00:00,خنثی,0.35,محصول,محصول
محلول ضد آکنه صورت و بدن,https://www.khanoumi.com/products/geno-biotic-anti-acne-lotion-for-face-and-body-100ml-28848,یک هفته هست دارم استفاده میکنم تا الان که خوب بوده میشه گفت دو روز اول جوشامو خشک کرد و جوش جدید هم نزدم خداروشکر,0,true,2025-04-20T18:41:25.0061907+00:00,مثبت,0.79,محصول,محصول
محلول ضد آکنه صورت و بدن,https://www.khanoumi.com/products/geno-biotic-anti-acne-lotion-for-face-and-body-100ml-28848,لایه بردار ملایم وعالی هست چربی پوست بازوهام روکم کرده وباعث شده جوش هام خیلی زود خشک بشه,0,false,2025-04-16T05:05:33.680679+00:00,مثبت,0.67,محصول,محصول
محلول ضد آکنه صورت و بدن,https://www.khanoumi.com/products/geno-biotic-anti-acne-lotion-for-face-and-body-100ml-28848,خیلی خوبه برای بار دومه که شارژش میکنم,0,false,2025-04-06T17:10:47.4983446+00:00,مثبت,0.91,سایر,سایر
محلول ضد آکنه صورت و بدن,https://www.khanoumi.com/products/geno-biotic-anti-acne-lotion-for-face-and-body-100ml-28848,این اسپری ضد جوش برای صورت خوبه من روزی دوبار استفاده میکنم سریع جوش فروکش میکنه,0,false,2025-03-13T17:21:30.042994+00:00,مثبت,0.79,سایر,سایر
محلول ضد آکنه صورت و بدن,https://www.khanoumi.com/products/geno-biotic-anti-acne-lotion-for-face-and-body-100ml-28848,خیلی راضی بودم ارزش خرید داره,0,false,2025-03-11T22:10:25.2417677+00:00,مثبت,0.79,محصول | قیمت,محصول
محلول ضد آکنه صورت و بدن,https://www.khanoumi.com/products/geno-biotic-anti-acne-lotion-for-face-and-body-100ml-28848,میشه لطفا  تخفیف بیشتری بزارید .,0,true,2025-02-04T18:17:18.3552757+00:00,خنثی,0.35,قیمت,قیمت
محلول ضد آکنه صورت و بدن,https://www.khanoumi.com/products/geno-biotic-anti-acne-lotion-for-face-and-body-100ml-28848,لطفا موجود کنید,0,true,2025-01-06T09:24:10.936793+00:00,خنثی,0.35,محصول,محصول
محلول ضد آکنه صورت و بدن,https://www.khanoumi.com/products/geno-biotic-anti-acne-lotion-for-face-and-body-100ml-28848,لطفا موجود کنید .,0,true,2024-12-29T15:12:59.6699006+00:00,خنثی,0.35,محصول,محصول
محلول ضد آکنه صورت و بدن,https://www.khanoumi.com/products/geno-biotic-anti-acne-lotion-for-face-and-body-100ml-28848,لطفا موجود کنید میخوام سبد خریدمو تکمیل کنم,0,false,2024-12-19T06:00:05.2156165+00:00,منفی,0.67,محصول,محصول
محلول ضد آکنه صورت و بدن,https://www.khanoumi.com/products/geno-biotic-anti-acne-lotion-for-face-and-body-100ml-28848,من این محصول رو بشدت ازش راضیم خیلی عالیه توصیه میکنم بهتون,0,false,2024-12-12T09:28:31.0359951+00:00,مثبت,0.95,محصول,محصول
محلول ضد آکنه صورت و بدن,https://www.khanoumi.com/products/geno-biotic-anti-acne-lotion-for-face-and-body-100ml-28848,موجود کنیدش لطفا باید سبد خریدمو تکمیل کنننننننننننممممممممممممم,0,false,2024-11-21T12:36:53.0819334+00:00,منفی,0.67,محصول,محصول
محلول ضد آکنه صورت و بدن,https://www.khanoumi.com/products/geno-biotic-anti-acne-lotion-for-face-and-body-100ml-28848,محلول ضد آکنه رو من برای جوش‌های کمرم ازش استفاده کردم هم استفاده ازش راحته هم اینکه کاملاً روی جوش اسپری می‌شه,0,false,2024-11-14T16:20:06.2809686+00:00,خنثی,0.35,سایر,سایر
محلول ضد آکنه صورت و بدن,https://www.khanoumi.com/products/geno-biotic-anti-acne-lotion-for-face-and-body-100ml-28848,لطفا موجود کنید میخوامتشش,0,true,2024-10-26T09:39:22.9681902+00:00,خنثی,0.35,محصول,محصول
محلول ضد آکنه صورت و بدن,https://www.khanoumi.com/products/geno-biotic-anti-acne-lotion-for-face-and-body-100ml-28848,"عالییییی بود عالییییی اصلا باورم نمیشه همین امروز به دستم رسید 
با اولین بار استفاده همه ی جوشای روی بازوم رفت 
واقعا تجربه خوبی بود به شدت توصیه اش میکنم",0,true,2024-10-12T12:57:01.9308047+00:00,مثبت,0.91,محصول | تحویل و ارسال | اصل بودن کالا,محصول
محلول ضد آکنه صورت و بدن,https://www.khanoumi.com/products/geno-biotic-anti-acne-lotion-for-face-and-body-100ml-28848,دوسش دارم چون محتویات مفیدی داره. حجم نسبت به قیمت به صرفست. ممنون از خانومی که همیشه تخفیفای هیجان انگیز داره و محصولاتش فوق العادس ممنون از ارسال به موقع و بسته بندی محکمتون.,0,false,2024-08-22T03:41:42+00:00,مثبت,0.79,تحویل و ارسال | محصول | قیمت,تحویل و ارسال
محلول ضد آکنه صورت و بدن,https://www.khanoumi.com/products/geno-biotic-anti-acne-lotion-for-face-and-body-100ml-28848,"میشه موجودش کنید
واقعا عالیه",0,true,2024-07-30T21:18:38+00:00,مثبت,0.79,محصول,محصول
محلول ضد آکنه صورت و بدن,https://www.khanoumi.com/products/geno-biotic-anti-acne-lotion-for-face-and-body-100ml-28848,چربی پوستم رو خیلی عالی کنترل کرده لایه برداری خوبی پوستمو میکنه و باعث شده که جوشهای روی بازوم خیلی زود خشک بشه,0,false,2024-07-24T17:13:22+00:00,مثبت,0.79,محصول,محصول
محلول ضد آکنه صورت و بدن,https://www.khanoumi.com/products/geno-biotic-anti-acne-lotion-for-face-and-body-100ml-28848,این محصول رو بیشتر از دوماهه که مداوم دوبار در طول روز استفاده میکنم،اولین محصولی هست که جلوی جوشای صورت منو گرفت و تقریبا هیچ جوشی نمیزنم دیگه و کم کم جای جوشارو هم برطرف میکنه البته به شرطی که طبق دستورش استفاده کنید,0,true,2024-06-24T01:53:01+00:00,خنثی,0.35,محصول,محصول
محلول ضد آکنه صورت و بدن,https://www.khanoumi.com/products/geno-biotic-anti-acne-lotion-for-face-and-body-100ml-28848,دومین باره که میخرم. رازش اینه که مرتب استفاده بشه. هم برای صورت و هم برای بدن استفاده کردم روی پوست تمیز. خوبه راضی ام.,0,true,2024-05-29T14:41:15+00:00,مثبت,0.91,محصول,محصول
محلول ضد آکنه صورت و بدن,https://www.khanoumi.com/products/geno-biotic-anti-acne-lotion-for-face-and-body-100ml-28848,لایه بردار ملایم وعالی هست چربی پوست بازوهام روکم کرده وباعث شده جوش هام خیلی زود خشک بشه,0,false,2024-04-27T21:53:04+00:00,مثبت,0.67,محصول,محصول
محلول ضد آکنه صورت و بدن,https://www.khanoumi.com/products/geno-biotic-anti-acne-lotion-for-face-and-body-100ml-28848,من قبلا استفاده کردم ولی نه برای صورتم نمیدونم تاثیرش روی صورت چطوره ولی کمرم خیلی جوش میزد 6 یا 7 بار اسپری کردم بعد از حموم کامل از بین رفت دیگه ام جوش نزد,0,true,2024-04-09T12:06:34+00:00,خنثی,0.35,محصول,محصول
محلول ضد آکنه صورت و بدن,https://www.khanoumi.com/products/geno-biotic-anti-acne-lotion-for-face-and-body-100ml-28848,محلول خیلی عالی هست لایه برداری ملایمی پوستم رو میکنه وباعث شده جوش هام خیلی زود خشک بشه,0,false,2024-04-02T18:46:08+00:00,مثبت,0.67,محصول,محصول
محلول ضد آکنه صورت و بدن,https://www.khanoumi.com/products/geno-biotic-anti-acne-lotion-for-face-and-body-100ml-28848,"پوست من مختلط بود و هیچ فایده ای نداشت.
نظرم رو بعد از استفاده ثبت کردم.",0,true,2024-03-31T16:22:44+00:00,خنثی,0.35,محصول,محصول
محلول ضد آکنه صورت و بدن,https://www.khanoumi.com/products/geno-biotic-anti-acne-lotion-for-face-and-body-100ml-28848,واقعا بی تاثیر بود,0,false,2024-03-27T22:31:38+00:00,خنثی,0.35,محصول,محصول
محلول ضد آکنه صورت و بدن,https://www.khanoumi.com/products/geno-biotic-anti-acne-lotion-for-face-and-body-100ml-28848,ازش زدم جوشام بیشتر شد ,0,false,2024-03-12T08:43:11+00:00,خنثی,0.35,سایر,سایر
محلول ضد آکنه صورت و بدن,https://www.khanoumi.com/products/geno-biotic-anti-acne-lotion-for-face-and-body-100ml-28848,"من صورتم پر از جوش های بزرگ قرمز و التهابی بود 
با اینکه نوشته برا اکنه ولی در طول یک دوره استفاده من ازش قشنگ صورت منو صاف و شفاف کرد من یک بار خریدم ولی واقعا راضی بودم و اینجوری نیست ک تا وقتی ازش استفاده کنی خوب باشه جوشات از بین ببره",0,false,2024-01-29T00:12:37+00:00,مثبت,0.79,محصول,محصول
محلول ضد آکنه صورت و بدن,https://www.khanoumi.com/products/geno-biotic-anti-acne-lotion-for-face-and-body-100ml-28848,خیلی عالیه,0,false,2023-12-24T00:26:13+00:00,مثبت,0.79,سایر,سایر
محلول ضد آکنه صورت و بدن,https://www.khanoumi.com/products/geno-biotic-anti-acne-lotion-for-face-and-body-100ml-28848,حدودا یک ماهه که مرتب روزی 2 بار استفاده میکنم. برای بدن یکی دوبار فقط استفاده کردم و نتیجه قابل قبولی داشت. ولی متاسفانه برای صورتم طی این یک ماه استفاده هیچ کار خاصی انجام نداد,0,true,2023-12-22T20:49:45+00:00,منفی,0.79,محصول,محصول
محلول ضد آکنه صورت و بدن,https://www.khanoumi.com/products/geno-biotic-anti-acne-lotion-for-face-and-body-100ml-28848,بعد از 3 4 روز استفاده روی جوش هام کم کم کوچیکترشون میکنه. پوستمم مثل ضد جوش های دیگه پوست پوست و خشک نمیکنه که لک جوش بمونه ,0,false,2023-09-16T05:28:26+00:00,خنثی,0.35,محصول,محصول
محلول ضد آکنه صورت و بدن,https://www.khanoumi.com/products/geno-biotic-anti-acne-lotion-for-face-and-body-100ml-28848,من بیشتر از یه ماهه استفاده میکنم پوستم بشدت چرب و مستعد جوشه این محلول انگار آب رو آتیشه هم چربی رو کنترل میکنه و هم جوش و نابود میکنه عالیه🌸,0,true,2023-08-13T14:11:51+00:00,مثبت,0.79,محصول,محصول
محلول ضد آکنه صورت و بدن,https://www.khanoumi.com/products/geno-biotic-anti-acne-lotion-for-face-and-body-100ml-28848,این اسپری ضد جوش برای صورت خوبه من روزی دوبار استفاده میکنم سریع جوش فروکش میکنه,0,false,2023-05-01T10:28:34+00:00,مثبت,0.79,سایر,سایر
محلول ضد آکنه صورت و بدن,https://www.khanoumi.com/products/geno-biotic-anti-acne-lotion-for-face-and-body-100ml-28848,برای بدن من جواب گرفتم جوشام خوب شد ,0,false,2023-02-15T23:59:03+00:00,ترکیبی,0.66,سایر,سایر
محلول ضد آکنه صورت و بدن,https://www.khanoumi.com/products/geno-biotic-anti-acne-lotion-for-face-and-body-100ml-28848,من 3 روزه دارم استفاده میکنم برای صورتم واقعا عالیه خیلی سریع جواب داد ,0,false,2023-01-10T18:05:03+00:00,مثبت,0.91,سایر,سایر
محلول ضد آکنه صورت و بدن,https://www.khanoumi.com/products/geno-biotic-anti-acne-lotion-for-face-and-body-100ml-28848,این محلول ضد جوش خیلی موثره و من واقعا راضی بودم. پوست من چربه و با این محلول کاملا چربیش کنترل شد و جوشام خیلی کمتر شد. باید دوره مصرف و کامل کرد چون ممکنه اول جوشهای زیر پوستی بیرون بیان اما با استفاده مداوم اونا هم از بین میرن. به خصوص جوشهای روی بدن کمر و کتف و خیلی خوب محو میکنه. جوش هارو خشک میکنه و میتونید در مدت استفاده از مرطوب کننده استفاده کنید. ,2,false,2022-10-23T14:34:42+00:00,ترکیبی,0.87,محصول,محصول
محلول ضد آکنه صورت و بدن,https://www.khanoumi.com/products/geno-biotic-anti-acne-lotion-for-face-and-body-100ml-28848,خیلی خوبه هم واسه صورت هست هم واسه بدن واسه جوش بدن خیلی جواب گرفتم ازش واسه بعد از اصلاح هم عالیه باعث میشه که جوش نزنم,7,false,2022-02-05T00:02:39+00:00,مثبت,0.95,اصل بودن کالا,اصل بودن کالا
محلول ضد آکنه صورت و بدن,https://www.khanoumi.com/products/geno-biotic-anti-acne-lotion-for-face-and-body-100ml-28848,دکتر پوستم بهم داده روزی دوبار ازش استفاده میکنم و راضیم,7,false,2021-12-29T15:49:53+00:00,مثبت,0.79,محصول,محصول
محلول ضد آکنه صورت و بدن,https://www.khanoumi.com/products/geno-biotic-anti-acne-lotion-for-face-and-body-100ml-28848,من کل صورتم جوش های زیرپوستی زیادی داشتم که دکتر رفتم و این محلول و به همراه فومش برام نسخه کردن و حدود سه ماه ازشون استفاده کردم تاثیرش عالی بود و هنوزم دارم استفاده اش و ادامه میدم چون دکتر گفتن ۶ ماه استفاده کنم,15,false,2020-11-01T02:24:24+00:00,مثبت,0.79,محصول,محصول
محلول ضد آکنه صورت و بدن,https://www.khanoumi.com/products/geno-biotic-anti-acne-lotion-for-face-and-body-100ml-28848,"من در مورد این محصول نظرات خیلی خوب و مثبتی خونده بودم و سفارشش دادم. ولی خودم چند وقته که رو جوش های صورت و بدنم استفاده می کنم (البته نه هر روز) تأثیر آنی و فوق العاده ای ازش ندیدم متأسفانه.
به نظرم اینکه این محصول به شکل اسپری ارائه شده کارکردن باهاش رو در مورد نواحی صورت سخت کرده چون کنترل پخش شدن مایع فقط رو قسمت های جوش دار خیلی سخته.
من فوم شستشوی پوست آکنه ای ژنوبایوتیک رو هم تهیه کردم و امیدوارم اون تأثیر بهتری رو پوست من داشته باشه.",12,false,2020-08-13T17:42:00+00:00,ترکیبی,0.87,محصول,محصول
محلول ضد آکنه صورت و بدن,https://www.khanoumi.com/products/geno-biotic-anti-acne-lotion-for-face-and-body-100ml-28848,برا جوشهای بدنم استفاده کردم عالی بود,6,false,2020-05-04T01:41:12+00:00,ترکیبی,0.74,محصول,محصول
محلول ضد آکنه صورت و بدن,https://www.khanoumi.com/products/geno-biotic-anti-acne-lotion-for-face-and-body-100ml-28848,من که استفاده کردم برای صورتم هیچ تاثیری نداشت حتی یه ذره,1,false,2020-05-02T22:54:03+00:00,خنثی,0.35,سایر,سایر
محلول ضد آکنه صورت و بدن,https://www.khanoumi.com/products/geno-biotic-anti-acne-lotion-for-face-and-body-100ml-28848,این محلولو واسه جوش های کمر و‌بازوم خریدم خیلی راضیم ازش,0,false,2020-04-26T16:20:51+00:00,مثبت,0.79,سایر,سایر
محلول ضد آکنه صورت و بدن,https://www.khanoumi.com/products/geno-biotic-anti-acne-lotion-for-face-and-body-100ml-28848,من بعد از بند ازش روی صورتم میزنم و دیگه جوش نمیزنه شیرین بیان هم که داره باعث میشه جای جوش ها کمرنگ بشن ,1,false,2020-04-26T13:59:13+00:00,خنثی,0.35,محصول,محصول
محلول ضد آکنه صورت و بدن,https://www.khanoumi.com/products/geno-biotic-anti-acne-lotion-for-face-and-body-100ml-28848,این محلول ضدآکنه برای کوچک کردن منافذ هم خیلی خوبه,1,false,2020-04-26T12:15:04+00:00,مثبت,0.91,سایر,سایر
محلول ضد آکنه صورت و بدن,https://www.khanoumi.com/products/geno-biotic-anti-acne-lotion-for-face-and-body-100ml-28848,جوشهای رو بازو هامو کاملا از بین میبره بخاطر اینکه عصاره شیرین بیان داره  جاشوهم از بین میبره نمیزاره لک شه ,2,false,2020-04-11T00:59:57+00:00,خنثی,0.35,محصول,محصول
محلول ضد آکنه صورت و بدن,https://www.khanoumi.com/products/geno-biotic-anti-acne-lotion-for-face-and-body-100ml-28848,کمرم جوشایی ریزی  زده بود از محلول ضدجوش ژنو استفاده کرده الان خیلی عالی شده خیلی خوشحالم به نتیجه دلخواهم رسیدم.... ,0,false,2020-03-30T13:39:17+00:00,مثبت,0.67,محصول | تحویل و ارسال,محصول
محلول ضد آکنه صورت و بدن,https://www.khanoumi.com/products/geno-biotic-anti-acne-lotion-for-face-and-body-100ml-28848,برای جوشهای زیر پوستی و تجمعی به شدت پیشنهاد میشه، من بعد اصلاح صورتم افتضاح بود استفاده کردم تو ۳ روز جواب داد خیلی راضی بودن,4,false,2020-03-22T18:34:58+00:00,مثبت,0.91,محصول | اصل بودن کالا,محصول
ژل ضدآکنه حجم 30 میلی لیتر,https://www.khanoumi.com/products/geno-biotic-anti-acne-gel-30g-28849,واقعا خیلی خوبه روزی دوبار بزنین خشک می کنه,0,false,2026-08-06T13:42:07.3754514+03:30,مثبت,0.91,سایر,سایر
ژل ضدآکنه حجم 30 میلی لیتر,https://www.khanoumi.com/products/geno-biotic-anti-acne-gel-30g-28849,من روی جوش های سر سفید و التهابی میزنم و خیلی زود تر جوش هارو خشک میکنه,0,false,2026-05-21T08:28:25.0495397+03:30,خنثی,0.35,سایر,سایر
ژل ضدآکنه حجم 30 میلی لیتر,https://www.khanoumi.com/products/geno-biotic-anti-acne-gel-30g-28849,"بعد دو هفته استفاده جوش هام کمرنگ ترشد راضی بودم 
فقط مشکلی که هست بعد چند دقیقه مثل خمیر دندون سفیدی میندازه رو پوست 
ولی در کل محصولی خوبیه",0,false,2026-04-23T01:15:29.311251+03:30,مثبت,0.79,محصول,محصول
ژل ضدآکنه حجم 30 میلی لیتر,https://www.khanoumi.com/products/geno-biotic-anti-acne-gel-30g-28849,من اینو استفاده کردم حتی لک های ساده هم از بین نمیبره چه برسه به جوش از برند ژنو این انتظار نداشتم چون محصولات دیگش عالیه,0,false,2026-04-12T16:03:02.0502867+03:30,مثبت,0.79,محصول,محصول
ژل ضدآکنه حجم 30 میلی لیتر,https://www.khanoumi.com/products/geno-biotic-anti-acne-gel-30g-28849,من از جای دیگه خریدم روی بسته نوشته بود 388هزار تومن ولی اینجا خیلی گرونتره حالا شاید اون قیمت قدیم بوده رو من نمیدونم ولی خیلی خوبه همون بار اول که ازش استفاده کردم جوش های کوچولو ی روی پیشونیم رو کامل برد و من راضیم,0,false,2026-04-03T05:36:33.6520114+03:30,مثبت,0.91,محصول | قیمت | تحویل و ارسال,محصول
ژل ضدآکنه حجم 30 میلی لیتر,https://www.khanoumi.com/products/geno-biotic-anti-acne-gel-30g-28849,محصولات صد آکنه ژنو واقعا عالی و با کیفیت هستن,0,false,2026-01-29T01:06:33.525397+03:30,مثبت,0.67,محصول,محصول
ژل ضدآکنه حجم 30 میلی لیتر,https://www.khanoumi.com/products/geno-biotic-anti-acne-gel-30g-28849,بعد از یک ماه استفاده می تونم بگم هیچ تاثیری نداره روی اندازه و زود تر خشک شدن جوش,0,true,2025-09-25T13:19:24.6965121+03:30,خنثی,0.35,سایر,سایر
ژل ضدآکنه حجم 30 میلی لیتر,https://www.khanoumi.com/products/geno-biotic-anti-acne-gel-30g-28849,من خیلی راضیم محصول به شدت باکیفیت و درمانی همه ی جوشها چه هورمونی و چه غیر هورمونی باشه از بین میبره فقط از خانومی خواهشمندم که تخفیف بیشتر روی آن اعمال کنند,0,true,2025-07-14T16:44:32.8112009+00:00,مثبت,0.79,محصول | قیمت,محصول
ژل ضدآکنه حجم 30 میلی لیتر,https://www.khanoumi.com/products/geno-biotic-anti-acne-gel-30g-28849,من 1 ماهه دارم همراه با کرم مرطوب کننده ژنوبایوتیک استفاده میکنم این محصول رو. واقعا عالیه. جوشام کنترل شده. من چندین سال بود با جوشای صورتم درگیر بودم تا اینکه این محصولو خریدم البته از مغازه خریدم ولی چون دیگه ازش مطمئن شدم دیگه از خانومی میخرم. از بزرگ شدن و ملتهب شدن جوش جلوگیری میکنه و جای جوشو کامل میبره درجا. عالی به معمای واقعی. اگر جوش میزنید حتما یه دوره استفاده کنید کلا تمام محصولات آکنه اش رو باهم استفاده کنبد دیگه عمرا جوش بزنید. انقدر از این برند راضی بودم دارم بقیه محصولاتشم میخرم یکی یکی. عالییییی,0,false,2025-05-08T19:55:44.446804+00:00,ترکیبی,0.92,محصول,محصول
ژل ضدآکنه حجم 30 میلی لیتر,https://www.khanoumi.com/products/geno-biotic-anti-acne-gel-30g-28849,اصلا تاثیر نداره نوتروژینا بزنین سریع خشک می‌کنه این اصلا ده روز بزن همون قدر که بوده هست,0,true,2025-05-08T07:39:07.7200458+00:00,مثبت,0.79,محصول | اصل بودن کالا,محصول
ژل ضدآکنه حجم 30 میلی لیتر,https://www.khanoumi.com/products/geno-biotic-anti-acne-gel-30g-28849,لطفاً تخفیف بیشتر بذارین تا بتونم تهیه کنم، تعریفش رو شنیدم دوست دارم حتما امتحان کنم، ضمن اینکه از بقیه محصولات ژنوبایوتیک راضی بودم.,0,false,2025-04-13T20:08:23.8671094+00:00,مثبت,0.67,محصول | قیمت,محصول
ژل ضدآکنه حجم 30 میلی لیتر,https://www.khanoumi.com/products/geno-biotic-anti-acne-gel-30g-28849,برای جوش خوبه واسه زیرپوستی هم دوروز زدم خوب بود دراومد از زیر پوست,0,false,2025-03-03T06:29:02.1470911+00:00,مثبت,0.95,محصول,محصول
ژل ضدآکنه حجم 30 میلی لیتر,https://www.khanoumi.com/products/geno-biotic-anti-acne-gel-30g-28849,خیلی خوبه جوش رو سریع از بین میبره.جای جوش هم نمیمونه پوست برای جوش های بدنم هم استفاده میکنم درمان میکنه,0,false,2025-02-15T14:41:22.384623+00:00,مثبت,0.79,محصول,محصول
ژل ضدآکنه حجم 30 میلی لیتر,https://www.khanoumi.com/products/geno-biotic-anti-acne-gel-30g-28849,مثل قبل نیست، حالت ژلی سابق رو نداره و وقتی میزنی روی پوست مثل خمیردندون رد سفید میندازه.,0,true,2025-02-04T18:50:01.4736475+00:00,خنثی,0.35,محصول,محصول
ژل ضدآکنه حجم 30 میلی لیتر,https://www.khanoumi.com/products/geno-biotic-anti-acne-gel-30g-28849,رو جوشام زدم خیلی خوب فروکش کرد . التهاب می‌خوابه و جوش زود خشک میشه . در عین حال اصلا باعث خشکی یا کشیدگی پوست نمیشه . من شب ها قبل خواب استفاده میکنم نتیجش دیدم. برا جوش هابی ک قرمز میشن معجزه می‌کنه,0,false,2025-01-08T23:29:22.4370068+00:00,مثبت,0.91,محصول | اصل بودن کالا,محصول
ژل ضدآکنه حجم 30 میلی لیتر,https://www.khanoumi.com/products/geno-biotic-anti-acne-gel-30g-28849,تاًثیر گذار بود,0,true,2024-12-16T22:48:54.0414001+00:00,خنثی,0.35,محصول,محصول
ژل ضدآکنه حجم 30 میلی لیتر,https://www.khanoumi.com/products/geno-biotic-anti-acne-gel-30g-28849,تو طرح قبلی سالیسیک اسید داشت چرا تو این نداره,0,false,2024-12-05T07:53:21.8228056+00:00,خنثی,0.35,سایر,سایر
ژل ضدآکنه حجم 30 میلی لیتر,https://www.khanoumi.com/products/geno-biotic-anti-acne-gel-30g-28849,"ژل خیلی خوبیه 
کیفیت خوبی داره و جوش باهاش فروکش میکنه",0,false,2024-11-14T16:34:33.1819512+00:00,مثبت,0.95,محصول,محصول
ژل ضدآکنه حجم 30 میلی لیتر,https://www.khanoumi.com/products/geno-biotic-anti-acne-gel-30g-28849,آیا برای منی ک صورتم مستعد جدش نیس فقط درحد 1 یا 2 تا جوش میزنه بعضی وقتا خوبه؟,0,false,2024-11-02T05:00:51.3857053+00:00,مثبت,0.79,سایر,سایر
ژل ضدآکنه حجم 30 میلی لیتر,https://www.khanoumi.com/products/geno-biotic-anti-acne-gel-30g-28849,اول فوم شستشوی صورتش،دوبار در روز صبح بعد بیدار شدن و شب قبل خواب استفاده میکنم و 5 دقیقه بعد که با دستمال کاغذی صورتمو دورانی و اروم خشک کردم ،از ژل ضد جوش روی جوش میزنم دقیقا دو بار صبح و شب ،بعد خشک شدن حدودا 5 دقیقه بعدش از ابرسان فاقد چربی استفاده میکنم,0,false,2024-10-11T16:14:37.4006324+00:00,خنثی,0.35,محصول,محصول
ژل ضدآکنه حجم 30 میلی لیتر,https://www.khanoumi.com/products/geno-biotic-anti-acne-gel-30g-28849,خیلی خوبه و برای پوست چرب و مستعد جوش بهترین انتخاب ,0,false,2024-08-30T14:42:31+00:00,مثبت,0.95,محصول,محصول
ژل ضدآکنه حجم 30 میلی لیتر,https://www.khanoumi.com/products/geno-biotic-anti-acne-gel-30g-28849,لایه بردار خیلی عالی هست جوش های صورتم رو خیلی زود خشک میکنه و هیچ جای جوشی باقی نمیمونه خیلی راضیم,0,false,2024-08-11T17:22:09+00:00,مثبت,0.91,محصول,محصول
ژل ضدآکنه حجم 30 میلی لیتر,https://www.khanoumi.com/products/geno-biotic-anti-acne-gel-30g-28849,چربی پوستمو خیلی خوب تنظیم کرده جوشهای سرسفید و سرسیاه پوستمو خیلی عالی از بین برده خیلی راضیم از این ژل,0,false,2024-07-24T16:50:13+00:00,مثبت,0.95,محصول,محصول
ژل ضدآکنه حجم 30 میلی لیتر,https://www.khanoumi.com/products/geno-biotic-anti-acne-gel-30g-28849,خوبه اما بدیش اینه بعدش چیزی نمی تونی بزنی,0,false,2024-07-10T10:53:00+00:00,ترکیبی,0.79,سایر,سایر
ژل ضدآکنه حجم 30 میلی لیتر,https://www.khanoumi.com/products/geno-biotic-anti-acne-gel-30g-28849,جوش های صورتم رو خیلی عالی خشک کرده وچربی پوستم رو کم کرده جای جوش هام اصلا باقی نمیمونه,0,false,2024-04-27T21:58:28+00:00,خنثی,0.35,محصول | اصل بودن کالا,محصول
ژل ضدآکنه حجم 30 میلی لیتر,https://www.khanoumi.com/products/geno-biotic-anti-acne-gel-30g-28849,من سه ساله دارم ازین محصول استفاده میکنم و میتونم بگم فوق العاده س و سریع چربی صورت و جوشارو کنترل میکنه عالیه ,0,true,2024-03-30T15:10:39+00:00,مثبت,0.91,محصول,محصول
ژل ضدآکنه حجم 30 میلی لیتر,https://www.khanoumi.com/products/geno-biotic-anti-acne-gel-30g-28849,برای جوش های صورتم استفاده میکنم خیلی خوب جوش هام رو خشک میکنه وهیچ اثری از جای جوش باقی نمیمونه,0,false,2024-02-24T19:37:36+00:00,مثبت,0.79,محصول,محصول
ژل ضدآکنه حجم 30 میلی لیتر,https://www.khanoumi.com/products/geno-biotic-anti-acne-gel-30g-28849,خیلی راضیم از این محصول جوشامو کنترل کرده,0,true,2023-11-26T23:27:10+00:00,مثبت,0.79,محصول,محصول
ژل ضدآکنه حجم 30 میلی لیتر,https://www.khanoumi.com/products/geno-biotic-anti-acne-gel-30g-28849,بدون اینکه لک جوش و بزاره جوشو خشک میکنه,0,false,2023-06-29T00:00:04+00:00,منفی,0.67,سایر,سایر
ژل ضدآکنه حجم 30 میلی لیتر,https://www.khanoumi.com/products/geno-biotic-anti-acne-gel-30g-28849,"من مشکلات پوستیم بیشتر داخلی و هورمونیه؛ ولی این بازم تا حدی مکمل خوبی برای بهتر کردن جوشهای صورتمه

نسبت به قیمت خوبه

در مقایسه با بقیهی محصولات ضد آکنه حجم بیشتری داره",0,false,2023-06-14T23:04:02+00:00,مثبت,0.91,محصول | قیمت,محصول
ژل ضدآکنه حجم 30 میلی لیتر,https://www.khanoumi.com/products/geno-biotic-anti-acne-gel-30g-28849,برای جوش خوبه واسه زیرپوستی هم دوروز زدم خوب بود دراومد از زیر پوست,0,false,2023-05-26T00:27:23+00:00,مثبت,0.95,محصول,محصول
ژل ضدآکنه حجم 30 میلی لیتر,https://www.khanoumi.com/products/geno-biotic-anti-acne-gel-30g-28849,"من مشکلات پوستیم بیشتر داخلی و هورمونیه؛ ولی این بازم تا حدی مکمل خوبی برای بهتر کردن جوشهای صورتمه


نسبت به قیمت خوبه

در مقایسه با بقیهی محصولات ضد آکنه حجم بیشتری داره

به نظرم اگه بافتش مثل مرطوب کننده بود و جذب میشد بهتر بود

",0,false,2023-05-24T06:17:26+00:00,مثبت,0.91,محصول | قیمت,محصول
ژل ضدآکنه حجم 30 میلی لیتر,https://www.khanoumi.com/products/geno-biotic-anti-acne-gel-30g-28849,بعنوان کسی که همه ی محصولات ژنو رو خودم و خانوادم استفاده کردیم میگم این محصول واقعا ارزش خرید نداره و اصلا تاثیر نداره حتی یه ذره با اینکه یک ماهه استفاده میکنم,2,true,2023-05-03T23:40:02+00:00,منفی,0.79,محصول | اصل بودن کالا | قیمت,اصل بودن کالا
ژل ضدآکنه حجم 30 میلی لیتر,https://www.khanoumi.com/products/geno-biotic-anti-acne-gel-30g-28849,عالیه.جوش رو خشک میکنه بار دومه میگیرم,0,true,2022-10-31T13:59:58+00:00,مثبت,0.79,سایر,سایر
ژل ضدآکنه حجم 30 میلی لیتر,https://www.khanoumi.com/products/geno-biotic-anti-acne-gel-30g-28849,براحوصای التهابی ووقعا خوبه من وقتی جوش ملتهب و دردناک میزنم روزی چندبار فقط روی جوش میزنم ب یکروزه جوش رو خشک میکنه برامن ک واقعا خوب بود ,1,false,2022-10-24T20:00:12+00:00,مثبت,0.95,محصول,محصول
ژل ضدآکنه حجم 30 میلی لیتر,https://www.khanoumi.com/products/geno-biotic-anti-acne-gel-30g-28849,از بین رفتن آکنه و جای جوش یکی از بزرگ ترین چالش هایی است که اکثریت افراد خصوصا بانوان با آن مواجه هستند. محصولات متفاوتی برای رفع آکنه و جوش وجود دارد که به شما کمک می کند تا پوستی سالم و شاداب داشته باشید. ژل ضد آکنه بایو ژنوتیک با کنترل باکتری مولد آکنه و جلوگیری از رشد آن ها به رفع آکنه پوست شما کمک می کند. با استفاده از این محصول شما ضمن از بین بردن آکنه و جوش پسوت خود از ایجاد جوش های جدید پیشگیری خواهید کرد. ,11,false,2022-08-02T09:53:45+00:00,خنثی,0.35,محصول,محصول
ژل ضدآکنه حجم 30 میلی لیتر,https://www.khanoumi.com/products/geno-biotic-anti-acne-gel-30g-28849,واقعا محصول خوبی نبود من طی دو روز ما صورتم ریخت بیرون خیلی ناراحتم,5,true,2022-03-10T00:48:48+00:00,منفی,0.67,محصول,محصول
ژل ضدآکنه حجم 30 میلی لیتر,https://www.khanoumi.com/products/geno-biotic-anti-acne-gel-30g-28849, اصلا محصول خوبی نیست حتی روی جوشهای معمولی هم تاثیری نداره فقط یکم خشک میکنه بعدش دیگه هیچی ....یعنی اصلا بیفایده س...لطفا نظرات مخالفم هم درج کنید,9,false,2022-02-03T12:36:12+00:00,مثبت,0.67,محصول | اصل بودن کالا,محصول
ژل ضدآکنه حجم 30 میلی لیتر,https://www.khanoumi.com/products/geno-biotic-anti-acne-gel-30g-28849,نزدیک به 2ماه استفاده میکنم پوستم چربه و مستعد آکنه ،خیلی خوبه تاثیرش و روی جای جوش ها از بین بردن لک ها خیلی واضح میشه دید ،خیلی زود جوش ها و از بین می‌بره,10,true,2022-01-11T20:26:11+00:00,مثبت,0.91,محصول,محصول
ژل ضدآکنه حجم 30 میلی لیتر,https://www.khanoumi.com/products/geno-biotic-anti-acne-gel-30g-28849,برای جوش های سرسیاه رو بینیم استفاده کردم خیلی خوب جواب داد عالیه,9,false,2020-10-30T22:50:34+00:00,مثبت,0.95,سایر,سایر
ژل ضدآکنه حجم 30 میلی لیتر,https://www.khanoumi.com/products/geno-biotic-anti-acne-gel-30g-28849,برای جوش التهابی استفاده کردم سریع از بین برد جای جوشم روی پوستم محوکرد,14,false,2020-10-12T22:48:49+00:00,خنثی,0.35,محصول,محصول
ژل ضدآکنه حجم 30 میلی لیتر,https://www.khanoumi.com/products/geno-biotic-anti-acne-gel-30g-28849,محصول خیلی خوبیه👌,11,true,2020-06-06T13:02:36+00:00,مثبت,0.79,محصول,محصول
ژل ضدآکنه حجم 30 میلی لیتر,https://www.khanoumi.com/products/geno-biotic-anti-acne-gel-30g-28849,من استفاده کردم واقعا هیچ تاثیری نداشت ,2,false,2020-05-31T03:42:23+00:00,خنثی,0.35,سایر,سایر
ژل ضدآکنه حجم 30 میلی لیتر,https://www.khanoumi.com/products/geno-biotic-anti-acne-gel-30g-28849,عالی بود از ژل ژنو استفاده کردم جوش نزدم دیگه,1,false,2020-05-30T23:27:25+00:00,مثبت,0.79,محصول,محصول
ژل ضدآکنه حجم 30 میلی لیتر,https://www.khanoumi.com/products/geno-biotic-anti-acne-gel-30g-28849,منم از مرطوب کننده پوست ژنو استفاده می‌کنم و واقعا راضی هستم آبرسانی خوبی دار سریع جذب میشه,1,false,2020-04-28T13:55:25+00:00,مثبت,0.79,محصول,محصول
ژل ضدآکنه حجم 30 میلی لیتر,https://www.khanoumi.com/products/geno-biotic-anti-acne-gel-30g-28849,من برای جوش بدن استفاده مردم خیلی عالی بود راضیم😍👌🏼,1,false,2020-04-26T17:21:54+00:00,مثبت,0.91,محصول,محصول
ژل ضدآکنه حجم 30 میلی لیتر,https://www.khanoumi.com/products/geno-biotic-anti-acne-gel-30g-28849,خیلی خوبه جوش رو سریع از بین میبره.جای جوش هم نمیمونه پوست,1,false,2020-04-26T14:17:34+00:00,مثبت,0.91,محصول,محصول
ژل ضدآکنه حجم 30 میلی لیتر,https://www.khanoumi.com/products/geno-biotic-anti-acne-gel-30g-28849,واسه جوش های التهابی خیلی خوبه من استفاده کردم,1,false,2020-04-26T13:57:01+00:00,مثبت,0.91,سایر,سایر
ژل ضدآکنه حجم 30 میلی لیتر,https://www.khanoumi.com/products/geno-biotic-anti-acne-gel-30g-28849,خیلی سریع جوشهای التهابیم رو خشک میکنه بعد دو هفته هیچ اثری از جوش نمیمونه,1,false,2020-04-11T01:00:57+00:00,خنثی,0.35,محصول,محصول
ژل ضدآکنه حجم 30 میلی لیتر,https://www.khanoumi.com/products/geno-biotic-anti-acne-gel-30g-28849,هم جوش رو سریع از بین میبره هم جای جوش نمیمونه👌🏼👌🏼👌🏼پیشنهاد میکنم,1,false,2020-03-30T15:54:04+00:00,منفی,0.79,محصول,محصول
ژل ضدآکنه حجم 30 میلی لیتر,https://www.khanoumi.com/products/geno-biotic-anti-acne-gel-30g-28849,من از ژل ضد آکنه استفاده میکنم واز شما خریدم خیلی عالیه روغن درخت چای دارد,1,false,2020-03-25T12:22:48+00:00,مثبت,0.79,سایر,سایر
کرم رطوبت رسان حجم 50 گرم,https://www.khanoumi.com/products/geno-biotic-moisturizer-cream-50g-28850,خیلی آبرسانی خوبی داره,0,false,2026-05-23T12:54:34.5040857+03:30,مثبت,0.67,سایر,سایر
کرم رطوبت رسان حجم 50 گرم,https://www.khanoumi.com/products/geno-biotic-moisturizer-cream-50g-28850,برای آکنه های التهابی  و غیر التهابی  هم خوبه ؟,0,false,2026-05-10T20:27:06.3348861+03:30,مثبت,0.79,سایر,سایر
کرم رطوبت رسان حجم 50 گرم,https://www.khanoumi.com/products/geno-biotic-moisturizer-cream-50g-28850,خیلی راضی بودم ، حجمش خوب بود و صورتم جوش نزد.,0,false,2026-04-09T23:44:13.2712231+03:30,مثبت,0.91,محصول,محصول
کرم رطوبت رسان حجم 50 گرم,https://www.khanoumi.com/products/geno-biotic-moisturizer-cream-50g-28850,خوب بود آبرسان خیلی عمیقی کرد پوستمو و باعث نشد پوست خیلی حساس من جوش بزنه,0,true,2026-04-08T02:05:34.8687527+03:30,مثبت,0.79,محصول,محصول
کرم رطوبت رسان حجم 50 گرم,https://www.khanoumi.com/products/geno-biotic-moisturizer-cream-50g-28850,به نظرم خیلی خوبه هم سبکه هم واقعا آبرسانی میکنه.,0,true,2026-04-05T01:12:50.9871935+03:30,مثبت,0.91,سایر,سایر
کرم رطوبت رسان حجم 50 گرم,https://www.khanoumi.com/products/geno-biotic-moisturizer-cream-50g-28850,اصلا خوب نیست انگار روغن زدی به صورتت جذب نمیشه چربم میمونه و برق میزنه صورت,0,false,2026-03-18T23:05:01.3406252+03:30,منفی,0.79,محصول | اصل بودن کالا,اصل بودن کالا
کرم رطوبت رسان حجم 50 گرم,https://www.khanoumi.com/products/geno-biotic-moisturizer-cream-50g-28850,"چند هفته بعد از باز کردنش بوی بدی میداد
کیفیتش هم متوسط",0,true,2026-03-14T23:19:30.1715452+03:30,منفی,0.67,محصول,محصول
کرم رطوبت رسان حجم 50 گرم,https://www.khanoumi.com/products/geno-biotic-moisturizer-cream-50g-28850,من هم آبرسانشو دارم هم این کرمو جوفتشم عالیه,0,false,2026-02-10T19:53:34.6474288+03:30,مثبت,0.79,محصول,محصول
کرم رطوبت رسان حجم 50 گرم,https://www.khanoumi.com/products/geno-biotic-moisturizer-cream-50g-28850,رطوبت رسانی معقولی داره برای دم دستی خوبه,0,false,2026-02-10T19:53:16.5353708+03:30,مثبت,0.79,سایر,سایر
کرم رطوبت رسان حجم 50 گرم,https://www.khanoumi.com/products/geno-biotic-moisturizer-cream-50g-28850,قیمتش و کارایش خوبه ارزش خرید داره,0,false,2026-01-28T23:58:37.5270078+03:30,مثبت,0.91,قیمت,قیمت
کرم رطوبت رسان حجم 50 گرم,https://www.khanoumi.com/products/geno-biotic-moisturizer-cream-50g-28850,هم سرم ژنو رو دارم هم کرمشو هر دو عالی هستن,0,false,2026-01-28T23:58:10.1223613+03:30,مثبت,0.67,محصول,محصول
کرم رطوبت رسان حجم 50 گرم,https://www.khanoumi.com/products/geno-biotic-moisturizer-cream-50g-28850,خیلی کرم خوبیه، باعث جوش نمیشه ، به شدت خوب آبرسانی میکنه ، من شب میزنم صبح واقعا زیر پوستم آب جمع شده و حتما تمدیدش میکنم,0,false,2025-12-12T11:27:14.9165797+03:30,مثبت,0.79,محصول,محصول
کرم رطوبت رسان حجم 50 گرم,https://www.khanoumi.com/products/geno-biotic-moisturizer-cream-50g-28850,از این برند همیشه میگیرم و راضیم.,0,true,2025-12-07T15:36:01.7416038+03:30,مثبت,0.79,سایر,سایر
